ILYR  IROW  ICOL  CELLTOP  CELLBOT  IBOUND  HK  HANI  VKA  VKCB  TKCB  SC1  SC2  WETDRY  SHEAD
1  1  1  2000.0  1800.0  1  10.0  0.0  10.0  0.0  0.0  0.0  0.0  0.0  800.0
1  1  2  2000.0  1800.0  1  10.0  0.0  10.0  0.0  0.0  0.0  0.0  0.0  800.0
1  1  3  2000.0  1800.0  1  10.0  0.0  10.0  0.0  0.0  0.0  0.0  0.0  800.0
1  1  4  2000.0  1800.0  1  10.0  0.0  10.0  0.0  0.0  0.0  0.0  0.0  800.0
1  1  5  2000.0  1800.0  1  10.0  0.0  10.0  0.0  0.0  0.0  0.0  0.0  800.0
1  1  6  2000.0  1800.0  1  10.0  0.0  10.0  0.0  0.0  0.0  0.0  0.0  800.0
1  1  7  2000.0  1800.0  1  10.0  0.0  10.0  0.0  0.0  0.0  0.0  0.0  800.0
1  1  8  2000.0  1800.0  1  10.0  0.0  10.0  0.0  0.0  0.0  0.0  0.0  800.0
1  1  9  2000.0  1800.0  1  10.0  0.0  10.0  0.0  0.0  0.0  0.0  0.0  800.0
1  1  10  2000.0  1800.0  1  10.0  0.0  10.0  0.0  0.0  0.0  0.0  0.0  800.0
1  1  11  2000.0  1800.0  1  10.0  0.0  10.0  0.0  0.0  0.0  0.0  0.0  800.0
1  1  12  2000.0  1800.0  1  10.0  0.0  10.0  0.0  0.0  0.0  0.0  0.0  800.0
1  1  13  2000.0  1800.0  1  10.0  0.0  10.0  0.0  0.0  0.0  0.0  0.0  800.0
1  1  14  2000.0  1800.0  1  10.0  0.0  10.0  0.0  0.0  0.0  0.0  0.0  800.0
1  1  15  2000.0  1800.0  1  10.0  0.0  10.0  0.0  0.0  0.0  0.0  0.0  800.0
1  1  16  2000.0  1800.0  1  10.0  0.0  10.0  0.0  0.0  0.0  0.0  0.0  800.0
1  1  17  2000.0  1800.0  1  10.0  0.0  10.0  0.0  0.0  0.0  0.0  0.0  800.0
1  1  18  2000.0  1800.0  1  10.0  0.0  10.0  0.0  0.0  0.0  0.0  0.0  800.0
1  1  19  2000.0  1800.0  1  10.0  0.0  10.0  0.0  0.0  0.0  0.0  0.0  800.0
1  1  20  2000.0  1800.0  1  10.0  0.0  10.0  0.0  0.0  0.0  0.0  0.0  800.0
1  1  21  2000.0  1800.0  1  10.0  0.0  10.0  0.0  0.0  0.0  0.0  0.0  800.0
1  1  22  2000.0  1800.0  1  10.0  0.0  10.0  0.0  0.0  0.0  0.0  0.0  800.0
1  1  23  2000.0  1800.0  1  10.0  0.0  10.0  0.0  0.0  0.0  0.0  0.0  800.0
1  1  24  2000.0  1800.0  1  10.0  0.0  10.0  0.0  0.0  0.0  0.0  0.0  800.0
1  1  25  2000.0  1800.0  1  10.0  0.0  10.0  0.0  0.0  0.0  0.0  0.0  800.0
1  1  26  2000.0  1800.0  1  10.0  0.0  10.0  0.0  0.0  0.0  0.0  0.0  800.0
1  1  27  2000.0  1800.0  1  10.0  0.0  10.0  0.0  0.0  0.0  0.0  0.0  800.0
1  1  28  2000.0  1800.0  1  10.0  0.0  10.0  0.0  0.0  0.0  0.0  0.0  800.0
1  1  29  2000.0  1800.0  1  10.0  0.0  10.0  0.0  0.0  0.0  0.0  0.0  800.0
1  1  30  2000.0  1800.0  1  10.0  0.0  10.0  0.0  0.0  0.0  0.0  0.0  800.0
1  1  31  2000.0  1800.0  1  10.0  0.0  10.0  0.0  0.0  0.0  0.0  0.0  800.0
1  1  32  2000.0  1800.0  1  10.0  0.0  10.0  0.0  0.0  0.0  0.0  0.0  800.0
1  1  33  2000.0  1800.0  1  10.0  0.0  10.0  0.0  0.0  0.0  0.0  0.0  800.0
1  1  34  2000.0  1800.0  1  10.0  0.0  10.0  0.0  0.0  0.0  0.0  0.0  800.0
1  1  35  2000.0  1800.0  1  10.0  0.0  10.0  0.0  0.0  0.0  0.0  0.0  800.0
1  1  36  2000.0  1800.0  1  10.0  0.0  10.0  0.0  0.0  0.0  0.0  0.0  800.0
1  1  37  2000.0  1800.0  1  10.0  0.0  10.0  0.0  0.0  0.0  0.0  0.0  800.0
1  1  38  2000.0  1800.0  1  10.0  0.0  10.0  0.0  0.0  0.0  0.0  0.0  800.0
1  1  39  2000.0  1800.0  1  10.0  0.0  10.0  0.0  0.0  0.0  0.0  0.0  800.0
1  1  40  2000.0  1800.0  1  10.0  0.0  10.0  0.0  0.0  0.0  0.0  0.0  800.0
1  1  41  2000.0  1800.0  1  10.0  0.0  10.0  0.0  0.0  0.0  0.0  0.0  800.0
1  1  42  2000.0  1800.0  1  10.0  0.0  10.0  0.0  0.0  0.0  0.0  0.0  800.0
1  1  43  2000.0  1800.0  1  10.0  0.0  10.0  0.0  0.0  0.0  0.0  0.0  800.0
1  1  44  2000.0  1800.0  1  10.0  0.0  10.0  0.0  0.0  0.0  0.0  0.0  800.0
1  1  45  2000.0  1800.0  1  10.0  0.0  10.0  0.0  0.0  0.0  0.0  0.0  800.0
1  1  46  2000.0  1800.0  1  10.0  0.0  10.0  0.0  0.0  0.0  0.0  0.0  800.0
1  1  47  2000.0  1800.0  1  10.0  0.0  10.0  0.0  0.0  0.0  0.0  0.0  800.0
1  1  48  2000.0  1800.0  1  10.0  0.0  10.0  0.0  0.0  0.0  0.0  0.0  800.0
1  1  49  2000.0  1800.0  1  10.0  0.0  10.0  0.0  0.0  0.0  0.0  0.0  800.0
1  1  50  2000.0  1800.0  1  10.0  0.0  10.0  0.0  0.0  0.0  0.0  0.0  800.0
1  1  51  2000.0  1800.0  1  10.0  0.0  10.0  0.0  0.0  0.0  0.0  0.0  800.0
1  1  52  2000.0  1800.0  1  10.0  0.0  10.0  0.0  0.0  0.0  0.0  0.0  800.0
1  1  53  2000.0  1800.0  1  10.0  0.0  10.0  0.0  0.0  0.0  0.0  0.0  800.0
1  1  54  2000.0  1800.0  1  10.0  0.0  10.0  0.0  0.0  0.0  0.0  0.0  800.0
1  1  55  2000.0  1800.0  1  10.0  0.0  10.0  0.0  0.0  0.0  0.0  0.0  800.0
1  1  56  2000.0  1800.0  1  10.0  0.0  10.0  0.0  0.0  0.0  0.0  0.0  800.0
1  1  57  2000.0  1800.0  1  10.0  0.0  10.0  0.0  0.0  0.0  0.0  0.0  800.0
1  1  58  2000.0  1800.0  1  10.0  0.0  10.0  0.0  0.0  0.0  0.0  0.0  800.0
1  1  59  2000.0  1800.0  1  10.0  0.0  10.0  0.0  0.0  0.0  0.0  0.0  800.0
1  1  60  2000.0  1800.0  1  10.0  0.0  10.0  0.0  0.0  0.0  0.0  0.0  800.0
1  1  61  2000.0  1800.0  1  10.0  0.0  10.0  0.0  0.0  0.0  0.0  0.0  800.0
1  1  62  2000.0  1800.0  1  10.0  0.0  10.0  0.0  0.0  0.0  0.0  0.0  800.0
1  1  63  2000.0  1800.0  1  10.0  0.0  10.0  0.0  0.0  0.0  0.0  0.0  800.0
1  1  64  2000.0  1800.0  1  10.0  0.0  10.0  0.0  0.0  0.0  0.0  0.0  800.0
1  1  65  2000.0  1800.0  1  10.0  0.0  10.0  0.0  0.0  0.0  0.0  0.0  800.0
1  1  66  2000.0  1800.0  1  10.0  0.0  10.0  0.0  0.0  0.0  0.0  0.0  800.0
1  1  67  2000.0  1800.0  1  10.0  0.0  10.0  0.0  0.0  0.0  0.0  0.0  800.0
1  1  68  2000.0  1800.0  1  10.0  0.0  10.0  0.0  0.0  0.0  0.0  0.0  800.0
1  1  69  2000.0  1800.0  1  10.0  0.0  10.0  0.0  0.0  0.0  0.0  0.0  800.0
1  1  70  2000.0  1800.0  1  10.0  0.0  10.0  0.0  0.0  0.0  0.0  0.0  800.0
1  1  71  2000.0  1800.0  1  10.0  0.0  10.0  0.0  0.0  0.0  0.0  0.0  800.0
1  1  72  2000.0  1800.0  1  10.0  0.0  10.0  0.0  0.0  0.0  0.0  0.0  800.0
1  1  73  2000.0  1800.0  1  10.0  0.0  10.0  0.0  0.0  0.0  0.0  0.0  800.0
1  1  74  2000.0  1800.0  1  10.0  0.0  10.0  0.0  0.0  0.0  0.0  0.0  800.0
1  1  75  2000.0  1800.0  1  10.0  0.0  10.0  0.0  0.0  0.0  0.0  0.0  800.0
1  1  76  2000.0  1800.0  1  10.0  0.0  10.0  0.0  0.0  0.0  0.0  0.0  800.0
1  1  77  2000.0  1800.0  1  10.0  0.0  10.0  0.0  0.0  0.0  0.0  0.0  800.0
1  1  78  2000.0  1800.0  1  10.0  0.0  10.0  0.0  0.0  0.0  0.0  0.0  800.0
1  1  79  2000.0  1800.0  1  10.0  0.0  10.0  0.0  0.0  0.0  0.0  0.0  800.0
1  1  80  2000.0  1800.0  1  10.0  0.0  10.0  0.0  0.0  0.0  0.0  0.0  800.0
1  1  81  2000.0  1800.0  1  10.0  0.0  10.0  0.0  0.0  0.0  0.0  0.0  800.0
1  1  82  2000.0  1800.0  1  10.0  0.0  10.0  0.0  0.0  0.0  0.0  0.0  800.0
1  1  83  2000.0  1800.0  1  10.0  0.0  10.0  0.0  0.0  0.0  0.0  0.0  800.0
1  1  84  2000.0  1800.0  1  10.0  0.0  10.0  0.0  0.0  0.0  0.0  0.0  800.0
1  1  85  2000.0  1800.0  1  10.0  0.0  10.0  0.0  0.0  0.0  0.0  0.0  800.0
1  1  86  2000.0  1800.0  1  10.0  0.0  10.0  0.0  0.0  0.0  0.0  0.0  800.0
1  1  87  2000.0  1800.0  1  10.0  0.0  10.0  0.0  0.0  0.0  0.0  0.0  800.0
1  1  88  2000.0  1800.0  1  10.0  0.0  10.0  0.0  0.0  0.0  0.0  0.0  800.0
1  1  89  2000.0  1800.0  1  10.0  0.0  10.0  0.0  0.0  0.0  0.0  0.0  800.0
1  1  90  2000.0  1800.0  1  10.0  0.0  10.0  0.0  0.0  0.0  0.0  0.0  800.0
1  1  91  2000.0  1800.0  1  10.0  0.0  10.0  0.0  0.0  0.0  0.0  0.0  800.0
1  1  92  2000.0  1800.0  1  10.0  0.0  10.0  0.0  0.0  0.0  0.0  0.0  800.0
1  1  93  2000.0  1800.0  1  10.0  0.0  10.0  0.0  0.0  0.0  0.0  0.0  800.0
1  1  94  2000.0  1800.0  1  10.0  0.0  10.0  0.0  0.0  0.0  0.0  0.0  800.0
1  1  95  2000.0  1800.0  1  10.0  0.0  10.0  0.0  0.0  0.0  0.0  0.0  800.0
1  1  96  2000.0  1800.0  1  10.0  0.0  10.0  0.0  0.0  0.0  0.0  0.0  800.0
1  1  97  2000.0  1800.0  1  10.0  0.0  10.0  0.0  0.0  0.0  0.0  0.0  800.0
1  1  98  2000.0  1800.0  1  10.0  0.0  10.0  0.0  0.0  0.0  0.0  0.0  800.0
1  1  99  2000.0  1800.0  1  10.0  0.0  10.0  0.0  0.0  0.0  0.0  0.0  800.0
1  1  100  2000.0  1800.0  1  10.0  0.0  10.0  0.0  0.0  0.0  0.0  0.0  800.0
2  1  1  1800.0  1600.0  1  10.0  0.0  10.0  0.0  0.0  0.0  0.0  0.0  800.0
2  1  2  1800.0  1600.0  1  10.0  0.0  10.0  0.0  0.0  0.0  0.0  0.0  800.0
2  1  3  1800.0  1600.0  1  10.0  0.0  10.0  0.0  0.0  0.0  0.0  0.0  800.0
2  1  4  1800.0  1600.0  1  10.0  0.0  10.0  0.0  0.0  0.0  0.0  0.0  800.0
2  1  5  1800.0  1600.0  1  10.0  0.0  10.0  0.0  0.0  0.0  0.0  0.0  800.0
2  1  6  1800.0  1600.0  1  10.0  0.0  10.0  0.0  0.0  0.0  0.0  0.0  800.0
2  1  7  1800.0  1600.0  1  10.0  0.0  10.0  0.0  0.0  0.0  0.0  0.0  800.0
2  1  8  1800.0  1600.0  1  10.0  0.0  10.0  0.0  0.0  0.0  0.0  0.0  800.0
2  1  9  1800.0  1600.0  1  10.0  0.0  10.0  0.0  0.0  0.0  0.0  0.0  800.0
2  1  10  1800.0  1600.0  1  10.0  0.0  10.0  0.0  0.0  0.0  0.0  0.0  800.0
2  1  11  1800.0  1600.0  1  10.0  0.0  10.0  0.0  0.0  0.0  0.0  0.0  800.0
2  1  12  1800.0  1600.0  1  10.0  0.0  10.0  0.0  0.0  0.0  0.0  0.0  800.0
2  1  13  1800.0  1600.0  1  10.0  0.0  10.0  0.0  0.0  0.0  0.0  0.0  800.0
2  1  14  1800.0  1600.0  1  10.0  0.0  10.0  0.0  0.0  0.0  0.0  0.0  800.0
2  1  15  1800.0  1600.0  1  10.0  0.0  10.0  0.0  0.0  0.0  0.0  0.0  800.0
2  1  16  1800.0  1600.0  1  10.0  0.0  10.0  0.0  0.0  0.0  0.0  0.0  800.0
2  1  17  1800.0  1600.0  1  10.0  0.0  10.0  0.0  0.0  0.0  0.0  0.0  800.0
2  1  18  1800.0  1600.0  1  10.0  0.0  10.0  0.0  0.0  0.0  0.0  0.0  800.0
2  1  19  1800.0  1600.0  1  10.0  0.0  10.0  0.0  0.0  0.0  0.0  0.0  800.0
2  1  20  1800.0  1600.0  1  10.0  0.0  10.0  0.0  0.0  0.0  0.0  0.0  800.0
2  1  21  1800.0  1600.0  1  10.0  0.0  10.0  0.0  0.0  0.0  0.0  0.0  800.0
2  1  22  1800.0  1600.0  1  10.0  0.0  10.0  0.0  0.0  0.0  0.0  0.0  800.0
2  1  23  1800.0  1600.0  1  10.0  0.0  10.0  0.0  0.0  0.0  0.0  0.0  800.0
2  1  24  1800.0  1600.0  1  10.0  0.0  10.0  0.0  0.0  0.0  0.0  0.0  800.0
2  1  25  1800.0  1600.0  1  10.0  0.0  10.0  0.0  0.0  0.0  0.0  0.0  800.0
2  1  26  1800.0  1600.0  1  10.0  0.0  10.0  0.0  0.0  0.0  0.0  0.0  800.0
2  1  27  1800.0  1600.0  1  10.0  0.0  10.0  0.0  0.0  0.0  0.0  0.0  800.0
2  1  28  1800.0  1600.0  1  10.0  0.0  10.0  0.0  0.0  0.0  0.0  0.0  800.0
2  1  29  1800.0  1600.0  1  10.0  0.0  10.0  0.0  0.0  0.0  0.0  0.0  800.0
2  1  30  1800.0  1600.0  1  10.0  0.0  10.0  0.0  0.0  0.0  0.0  0.0  800.0
2  1  31  1800.0  1600.0  1  10.0  0.0  10.0  0.0  0.0  0.0  0.0  0.0  800.0
2  1  32  1800.0  1600.0  1  10.0  0.0  10.0  0.0  0.0  0.0  0.0  0.0  800.0
2  1  33  1800.0  1600.0  1  10.0  0.0  10.0  0.0  0.0  0.0  0.0  0.0  800.0
2  1  34  1800.0  1600.0  1  10.0  0.0  10.0  0.0  0.0  0.0  0.0  0.0  800.0
2  1  35  1800.0  1600.0  1  10.0  0.0  10.0  0.0  0.0  0.0  0.0  0.0  800.0
2  1  36  1800.0  1600.0  1  10.0  0.0  10.0  0.0  0.0  0.0  0.0  0.0  800.0
2  1  37  1800.0  1600.0  1  10.0  0.0  10.0  0.0  0.0  0.0  0.0  0.0  800.0
2  1  38  1800.0  1600.0  1  10.0  0.0  10.0  0.0  0.0  0.0  0.0  0.0  800.0
2  1  39  1800.0  1600.0  1  10.0  0.0  10.0  0.0  0.0  0.0  0.0  0.0  800.0
2  1  40  1800.0  1600.0  1  10.0  0.0  10.0  0.0  0.0  0.0  0.0  0.0  800.0
2  1  41  1800.0  1600.0  1  10.0  0.0  10.0  0.0  0.0  0.0  0.0  0.0  800.0
2  1  42  1800.0  1600.0  1  10.0  0.0  10.0  0.0  0.0  0.0  0.0  0.0  800.0
2  1  43  1800.0  1600.0  1  10.0  0.0  10.0  0.0  0.0  0.0  0.0  0.0  800.0
2  1  44  1800.0  1600.0  1  10.0  0.0  10.0  0.0  0.0  0.0  0.0  0.0  800.0
2  1  45  1800.0  1600.0  1  10.0  0.0  10.0  0.0  0.0  0.0  0.0  0.0  800.0
2  1  46  1800.0  1600.0  1  10.0  0.0  10.0  0.0  0.0  0.0  0.0  0.0  800.0
2  1  47  1800.0  1600.0  1  10.0  0.0  10.0  0.0  0.0  0.0  0.0  0.0  800.0
2  1  48  1800.0  1600.0  1  10.0  0.0  10.0  0.0  0.0  0.0  0.0  0.0  800.0
2  1  49  1800.0  1600.0  1  10.0  0.0  10.0  0.0  0.0  0.0  0.0  0.0  800.0
2  1  50  1800.0  1600.0  1  10.0  0.0  10.0  0.0  0.0  0.0  0.0  0.0  800.0
2  1  51  1800.0  1600.0  1  10.0  0.0  10.0  0.0  0.0  0.0  0.0  0.0  800.0
2  1  52  1800.0  1600.0  1  10.0  0.0  10.0  0.0  0.0  0.0  0.0  0.0  800.0
2  1  53  1800.0  1600.0  1  10.0  0.0  10.0  0.0  0.0  0.0  0.0  0.0  800.0
2  1  54  1800.0  1600.0  1  10.0  0.0  10.0  0.0  0.0  0.0  0.0  0.0  800.0
2  1  55  1800.0  1600.0  1  10.0  0.0  10.0  0.0  0.0  0.0  0.0  0.0  800.0
2  1  56  1800.0  1600.0  1  10.0  0.0  10.0  0.0  0.0  0.0  0.0  0.0  800.0
2  1  57  1800.0  1600.0  1  10.0  0.0  10.0  0.0  0.0  0.0  0.0  0.0  800.0
2  1  58  1800.0  1600.0  1  10.0  0.0  10.0  0.0  0.0  0.0  0.0  0.0  800.0
2  1  59  1800.0  1600.0  1  10.0  0.0  10.0  0.0  0.0  0.0  0.0  0.0  800.0
2  1  60  1800.0  1600.0  1  10.0  0.0  10.0  0.0  0.0  0.0  0.0  0.0  800.0
2  1  61  1800.0  1600.0  1  10.0  0.0  10.0  0.0  0.0  0.0  0.0  0.0  800.0
2  1  62  1800.0  1600.0  1  10.0  0.0  10.0  0.0  0.0  0.0  0.0  0.0  800.0
2  1  63  1800.0  1600.0  1  10.0  0.0  10.0  0.0  0.0  0.0  0.0  0.0  800.0
2  1  64  1800.0  1600.0  1  10.0  0.0  10.0  0.0  0.0  0.0  0.0  0.0  800.0
2  1  65  1800.0  1600.0  1  10.0  0.0  10.0  0.0  0.0  0.0  0.0  0.0  800.0
2  1  66  1800.0  1600.0  1  10.0  0.0  10.0  0.0  0.0  0.0  0.0  0.0  800.0
2  1  67  1800.0  1600.0  1  10.0  0.0  10.0  0.0  0.0  0.0  0.0  0.0  800.0
2  1  68  1800.0  1600.0  1  10.0  0.0  10.0  0.0  0.0  0.0  0.0  0.0  800.0
2  1  69  1800.0  1600.0  1  10.0  0.0  10.0  0.0  0.0  0.0  0.0  0.0  800.0
2  1  70  1800.0  1600.0  1  10.0  0.0  10.0  0.0  0.0  0.0  0.0  0.0  800.0
2  1  71  1800.0  1600.0  1  10.0  0.0  10.0  0.0  0.0  0.0  0.0  0.0  800.0
2  1  72  1800.0  1600.0  1  10.0  0.0  10.0  0.0  0.0  0.0  0.0  0.0  800.0
2  1  73  1800.0  1600.0  1  10.0  0.0  10.0  0.0  0.0  0.0  0.0  0.0  800.0
2  1  74  1800.0  1600.0  1  10.0  0.0  10.0  0.0  0.0  0.0  0.0  0.0  800.0
2  1  75  1800.0  1600.0  1  10.0  0.0  10.0  0.0  0.0  0.0  0.0  0.0  800.0
2  1  76  1800.0  1600.0  1  10.0  0.0  10.0  0.0  0.0  0.0  0.0  0.0  800.0
2  1  77  1800.0  1600.0  1  10.0  0.0  10.0  0.0  0.0  0.0  0.0  0.0  800.0
2  1  78  1800.0  1600.0  1  10.0  0.0  10.0  0.0  0.0  0.0  0.0  0.0  800.0
2  1  79  1800.0  1600.0  1  10.0  0.0  10.0  0.0  0.0  0.0  0.0  0.0  800.0
2  1  80  1800.0  1600.0  1  10.0  0.0  10.0  0.0  0.0  0.0  0.0  0.0  800.0
2  1  81  1800.0  1600.0  1  10.0  0.0  10.0  0.0  0.0  0.0  0.0  0.0  800.0
2  1  82  1800.0  1600.0  1  10.0  0.0  10.0  0.0  0.0  0.0  0.0  0.0  800.0
2  1  83  1800.0  1600.0  1  10.0  0.0  10.0  0.0  0.0  0.0  0.0  0.0  800.0
2  1  84  1800.0  1600.0  1  10.0  0.0  10.0  0.0  0.0  0.0  0.0  0.0  800.0
2  1  85  1800.0  1600.0  1  10.0  0.0  10.0  0.0  0.0  0.0  0.0  0.0  800.0
2  1  86  1800.0  1600.0  1  10.0  0.0  10.0  0.0  0.0  0.0  0.0  0.0  800.0
2  1  87  1800.0  1600.0  1  10.0  0.0  10.0  0.0  0.0  0.0  0.0  0.0  800.0
2  1  88  1800.0  1600.0  1  10.0  0.0  10.0  0.0  0.0  0.0  0.0  0.0  800.0
2  1  89  1800.0  1600.0  1  10.0  0.0  10.0  0.0  0.0  0.0  0.0  0.0  800.0
2  1  90  1800.0  1600.0  1  10.0  0.0  10.0  0.0  0.0  0.0  0.0  0.0  800.0
2  1  91  1800.0  1600.0  1  10.0  0.0  10.0  0.0  0.0  0.0  0.0  0.0  800.0
2  1  92  1800.0  1600.0  1  10.0  0.0  10.0  0.0  0.0  0.0  0.0  0.0  800.0
2  1  93  1800.0  1600.0  1  10.0  0.0  10.0  0.0  0.0  0.0  0.0  0.0  800.0
2  1  94  1800.0  1600.0  1  10.0  0.0  10.0  0.0  0.0  0.0  0.0  0.0  800.0
2  1  95  1800.0  1600.0  1  10.0  0.0  10.0  0.0  0.0  0.0  0.0  0.0  800.0
2  1  96  1800.0  1600.0  1  10.0  0.0  10.0  0.0  0.0  0.0  0.0  0.0  800.0
2  1  97  1800.0  1600.0  1  10.0  0.0  10.0  0.0  0.0  0.0  0.0  0.0  800.0
2  1  98  1800.0  1600.0  1  10.0  0.0  10.0  0.0  0.0  0.0  0.0  0.0  800.0
2  1  99  1800.0  1600.0  1  10.0  0.0  10.0  0.0  0.0  0.0  0.0  0.0  800.0
2  1  100  1800.0  1600.0  1  10.0  0.0  10.0  0.0  0.0  0.0  0.0  0.0  800.0
3  1  1  1600.0  1400.0  1  10.0  0.0  10.0  0.0  0.0  0.0  0.0  0.0  800.0
3  1  2  1600.0  1400.0  1  10.0  0.0  10.0  0.0  0.0  0.0  0.0  0.0  800.0
3  1  3  1600.0  1400.0  1  10.0  0.0  10.0  0.0  0.0  0.0  0.0  0.0  800.0
3  1  4  1600.0  1400.0  1  10.0  0.0  10.0  0.0  0.0  0.0  0.0  0.0  800.0
3  1  5  1600.0  1400.0  1  10.0  0.0  10.0  0.0  0.0  0.0  0.0  0.0  800.0
3  1  6  1600.0  1400.0  1  10.0  0.0  10.0  0.0  0.0  0.0  0.0  0.0  800.0
3  1  7  1600.0  1400.0  1  10.0  0.0  10.0  0.0  0.0  0.0  0.0  0.0  800.0
3  1  8  1600.0  1400.0  1  10.0  0.0  10.0  0.0  0.0  0.0  0.0  0.0  800.0
3  1  9  1600.0  1400.0  1  10.0  0.0  10.0  0.0  0.0  0.0  0.0  0.0  800.0
3  1  10  1600.0  1400.0  1  10.0  0.0  10.0  0.0  0.0  0.0  0.0  0.0  800.0
3  1  11  1600.0  1400.0  1  10.0  0.0  10.0  0.0  0.0  0.0  0.0  0.0  800.0
3  1  12  1600.0  1400.0  1  10.0  0.0  10.0  0.0  0.0  0.0  0.0  0.0  800.0
3  1  13  1600.0  1400.0  1  10.0  0.0  10.0  0.0  0.0  0.0  0.0  0.0  800.0
3  1  14  1600.0  1400.0  1  10.0  0.0  10.0  0.0  0.0  0.0  0.0  0.0  800.0
3  1  15  1600.0  1400.0  1  10.0  0.0  10.0  0.0  0.0  0.0  0.0  0.0  800.0
3  1  16  1600.0  1400.0  1  10.0  0.0  10.0  0.0  0.0  0.0  0.0  0.0  800.0
3  1  17  1600.0  1400.0  1  10.0  0.0  10.0  0.0  0.0  0.0  0.0  0.0  800.0
3  1  18  1600.0  1400.0  1  10.0  0.0  10.0  0.0  0.0  0.0  0.0  0.0  800.0
3  1  19  1600.0  1400.0  1  10.0  0.0  10.0  0.0  0.0  0.0  0.0  0.0  800.0
3  1  20  1600.0  1400.0  1  10.0  0.0  10.0  0.0  0.0  0.0  0.0  0.0  800.0
3  1  21  1600.0  1400.0  1  10.0  0.0  10.0  0.0  0.0  0.0  0.0  0.0  800.0
3  1  22  1600.0  1400.0  1  10.0  0.0  10.0  0.0  0.0  0.0  0.0  0.0  800.0
3  1  23  1600.0  1400.0  1  10.0  0.0  10.0  0.0  0.0  0.0  0.0  0.0  800.0
3  1  24  1600.0  1400.0  1  10.0  0.0  10.0  0.0  0.0  0.0  0.0  0.0  800.0
3  1  25  1600.0  1400.0  1  10.0  0.0  10.0  0.0  0.0  0.0  0.0  0.0  800.0
3  1  26  1600.0  1400.0  1  10.0  0.0  10.0  0.0  0.0  0.0  0.0  0.0  800.0
3  1  27  1600.0  1400.0  1  10.0  0.0  10.0  0.0  0.0  0.0  0.0  0.0  800.0
3  1  28  1600.0  1400.0  1  10.0  0.0  10.0  0.0  0.0  0.0  0.0  0.0  800.0
3  1  29  1600.0  1400.0  1  10.0  0.0  10.0  0.0  0.0  0.0  0.0  0.0  800.0
3  1  30  1600.0  1400.0  1  10.0  0.0  10.0  0.0  0.0  0.0  0.0  0.0  800.0
3  1  31  1600.0  1400.0  1  10.0  0.0  10.0  0.0  0.0  0.0  0.0  0.0  800.0
3  1  32  1600.0  1400.0  1  10.0  0.0  10.0  0.0  0.0  0.0  0.0  0.0  800.0
3  1  33  1600.0  1400.0  1  10.0  0.0  10.0  0.0  0.0  0.0  0.0  0.0  800.0
3  1  34  1600.0  1400.0  1  10.0  0.0  10.0  0.0  0.0  0.0  0.0  0.0  800.0
3  1  35  1600.0  1400.0  1  10.0  0.0  10.0  0.0  0.0  0.0  0.0  0.0  800.0
3  1  36  1600.0  1400.0  1  10.0  0.0  10.0  0.0  0.0  0.0  0.0  0.0  800.0
3  1  37  1600.0  1400.0  1  10.0  0.0  10.0  0.0  0.0  0.0  0.0  0.0  800.0
3  1  38  1600.0  1400.0  1  10.0  0.0  10.0  0.0  0.0  0.0  0.0  0.0  800.0
3  1  39  1600.0  1400.0  1  10.0  0.0  10.0  0.0  0.0  0.0  0.0  0.0  800.0
3  1  40  1600.0  1400.0  1  10.0  0.0  10.0  0.0  0.0  0.0  0.0  0.0  800.0
3  1  41  1600.0  1400.0  1  10.0  0.0  10.0  0.0  0.0  0.0  0.0  0.0  800.0
3  1  42  1600.0  1400.0  1  10.0  0.0  10.0  0.0  0.0  0.0  0.0  0.0  800.0
3  1  43  1600.0  1400.0  1  10.0  0.0  10.0  0.0  0.0  0.0  0.0  0.0  800.0
3  1  44  1600.0  1400.0  1  10.0  0.0  10.0  0.0  0.0  0.0  0.0  0.0  800.0
3  1  45  1600.0  1400.0  1  10.0  0.0  10.0  0.0  0.0  0.0  0.0  0.0  800.0
3  1  46  1600.0  1400.0  1  10.0  0.0  10.0  0.0  0.0  0.0  0.0  0.0  800.0
3  1  47  1600.0  1400.0  1  10.0  0.0  10.0  0.0  0.0  0.0  0.0  0.0  800.0
3  1  48  1600.0  1400.0  1  10.0  0.0  10.0  0.0  0.0  0.0  0.0  0.0  800.0
3  1  49  1600.0  1400.0  1  10.0  0.0  10.0  0.0  0.0  0.0  0.0  0.0  800.0
3  1  50  1600.0  1400.0  1  10.0  0.0  10.0  0.0  0.0  0.0  0.0  0.0  800.0
3  1  51  1600.0  1400.0  1  10.0  0.0  10.0  0.0  0.0  0.0  0.0  0.0  800.0
3  1  52  1600.0  1400.0  1  10.0  0.0  10.0  0.0  0.0  0.0  0.0  0.0  800.0
3  1  53  1600.0  1400.0  1  10.0  0.0  10.0  0.0  0.0  0.0  0.0  0.0  800.0
3  1  54  1600.0  1400.0  1  10.0  0.0  10.0  0.0  0.0  0.0  0.0  0.0  800.0
3  1  55  1600.0  1400.0  1  10.0  0.0  10.0  0.0  0.0  0.0  0.0  0.0  800.0
3  1  56  1600.0  1400.0  1  10.0  0.0  10.0  0.0  0.0  0.0  0.0  0.0  800.0
3  1  57  1600.0  1400.0  1  10.0  0.0  10.0  0.0  0.0  0.0  0.0  0.0  800.0
3  1  58  1600.0  1400.0  1  10.0  0.0  10.0  0.0  0.0  0.0  0.0  0.0  800.0
3  1  59  1600.0  1400.0  1  10.0  0.0  10.0  0.0  0.0  0.0  0.0  0.0  800.0
3  1  60  1600.0  1400.0  1  10.0  0.0  10.0  0.0  0.0  0.0  0.0  0.0  800.0
3  1  61  1600.0  1400.0  1  10.0  0.0  10.0  0.0  0.0  0.0  0.0  0.0  800.0
3  1  62  1600.0  1400.0  1  10.0  0.0  10.0  0.0  0.0  0.0  0.0  0.0  800.0
3  1  63  1600.0  1400.0  1  10.0  0.0  10.0  0.0  0.0  0.0  0.0  0.0  800.0
3  1  64  1600.0  1400.0  1  10.0  0.0  10.0  0.0  0.0  0.0  0.0  0.0  800.0
3  1  65  1600.0  1400.0  1  10.0  0.0  10.0  0.0  0.0  0.0  0.0  0.0  800.0
3  1  66  1600.0  1400.0  1  10.0  0.0  10.0  0.0  0.0  0.0  0.0  0.0  800.0
3  1  67  1600.0  1400.0  1  10.0  0.0  10.0  0.0  0.0  0.0  0.0  0.0  800.0
3  1  68  1600.0  1400.0  1  10.0  0.0  10.0  0.0  0.0  0.0  0.0  0.0  800.0
3  1  69  1600.0  1400.0  1  10.0  0.0  10.0  0.0  0.0  0.0  0.0  0.0  800.0
3  1  70  1600.0  1400.0  1  10.0  0.0  10.0  0.0  0.0  0.0  0.0  0.0  800.0
3  1  71  1600.0  1400.0  1  10.0  0.0  10.0  0.0  0.0  0.0  0.0  0.0  800.0
3  1  72  1600.0  1400.0  1  10.0  0.0  10.0  0.0  0.0  0.0  0.0  0.0  800.0
3  1  73  1600.0  1400.0  1  10.0  0.0  10.0  0.0  0.0  0.0  0.0  0.0  800.0
3  1  74  1600.0  1400.0  1  10.0  0.0  10.0  0.0  0.0  0.0  0.0  0.0  800.0
3  1  75  1600.0  1400.0  1  10.0  0.0  10.0  0.0  0.0  0.0  0.0  0.0  800.0
3  1  76  1600.0  1400.0  1  10.0  0.0  10.0  0.0  0.0  0.0  0.0  0.0  800.0
3  1  77  1600.0  1400.0  1  10.0  0.0  10.0  0.0  0.0  0.0  0.0  0.0  800.0
3  1  78  1600.0  1400.0  1  10.0  0.0  10.0  0.0  0.0  0.0  0.0  0.0  800.0
3  1  79  1600.0  1400.0  1  10.0  0.0  10.0  0.0  0.0  0.0  0.0  0.0  800.0
3  1  80  1600.0  1400.0  1  10.0  0.0  10.0  0.0  0.0  0.0  0.0  0.0  800.0
3  1  81  1600.0  1400.0  1  10.0  0.0  10.0  0.0  0.0  0.0  0.0  0.0  800.0
3  1  82  1600.0  1400.0  1  10.0  0.0  10.0  0.0  0.0  0.0  0.0  0.0  800.0
3  1  83  1600.0  1400.0  1  10.0  0.0  10.0  0.0  0.0  0.0  0.0  0.0  800.0
3  1  84  1600.0  1400.0  1  10.0  0.0  10.0  0.0  0.0  0.0  0.0  0.0  800.0
3  1  85  1600.0  1400.0  1  10.0  0.0  10.0  0.0  0.0  0.0  0.0  0.0  800.0
3  1  86  1600.0  1400.0  1  10.0  0.0  10.0  0.0  0.0  0.0  0.0  0.0  800.0
3  1  87  1600.0  1400.0  1  10.0  0.0  10.0  0.0  0.0  0.0  0.0  0.0  800.0
3  1  88  1600.0  1400.0  1  10.0  0.0  10.0  0.0  0.0  0.0  0.0  0.0  800.0
3  1  89  1600.0  1400.0  1  10.0  0.0  10.0  0.0  0.0  0.0  0.0  0.0  800.0
3  1  90  1600.0  1400.0  1  10.0  0.0  10.0  0.0  0.0  0.0  0.0  0.0  800.0
3  1  91  1600.0  1400.0  1  10.0  0.0  10.0  0.0  0.0  0.0  0.0  0.0  800.0
3  1  92  1600.0  1400.0  1  10.0  0.0  10.0  0.0  0.0  0.0  0.0  0.0  800.0
3  1  93  1600.0  1400.0  1  10.0  0.0  10.0  0.0  0.0  0.0  0.0  0.0  800.0
3  1  94  1600.0  1400.0  1  10.0  0.0  10.0  0.0  0.0  0.0  0.0  0.0  800.0
3  1  95  1600.0  1400.0  1  10.0  0.0  10.0  0.0  0.0  0.0  0.0  0.0  800.0
3  1  96  1600.0  1400.0  1  10.0  0.0  10.0  0.0  0.0  0.0  0.0  0.0  800.0
3  1  97  1600.0  1400.0  1  10.0  0.0  10.0  0.0  0.0  0.0  0.0  0.0  800.0
3  1  98  1600.0  1400.0  1  10.0  0.0  10.0  0.0  0.0  0.0  0.0  0.0  800.0
3  1  99  1600.0  1400.0  1  10.0  0.0  10.0  0.0  0.0  0.0  0.0  0.0  800.0
3  1  100  1600.0  1400.0  1  10.0  0.0  10.0  0.0  0.0  0.0  0.0  0.0  800.0
4  1  1  1400.0  1200.0  1  10.0  0.0  10.0  0.0  0.0  0.0  0.0  0.0  800.0
4  1  2  1400.0  1200.0  1  10.0  0.0  10.0  0.0  0.0  0.0  0.0  0.0  800.0
4  1  3  1400.0  1200.0  1  10.0  0.0  10.0  0.0  0.0  0.0  0.0  0.0  800.0
4  1  4  1400.0  1200.0  1  10.0  0.0  10.0  0.0  0.0  0.0  0.0  0.0  800.0
4  1  5  1400.0  1200.0  1  10.0  0.0  10.0  0.0  0.0  0.0  0.0  0.0  800.0
4  1  6  1400.0  1200.0  1  10.0  0.0  10.0  0.0  0.0  0.0  0.0  0.0  800.0
4  1  7  1400.0  1200.0  1  10.0  0.0  10.0  0.0  0.0  0.0  0.0  0.0  800.0
4  1  8  1400.0  1200.0  1  10.0  0.0  10.0  0.0  0.0  0.0  0.0  0.0  800.0
4  1  9  1400.0  1200.0  1  10.0  0.0  10.0  0.0  0.0  0.0  0.0  0.0  800.0
4  1  10  1400.0  1200.0  1  10.0  0.0  10.0  0.0  0.0  0.0  0.0  0.0  800.0
4  1  11  1400.0  1200.0  1  10.0  0.0  10.0  0.0  0.0  0.0  0.0  0.0  800.0
4  1  12  1400.0  1200.0  1  10.0  0.0  10.0  0.0  0.0  0.0  0.0  0.0  800.0
4  1  13  1400.0  1200.0  1  10.0  0.0  10.0  0.0  0.0  0.0  0.0  0.0  800.0
4  1  14  1400.0  1200.0  1  10.0  0.0  10.0  0.0  0.0  0.0  0.0  0.0  800.0
4  1  15  1400.0  1200.0  1  10.0  0.0  10.0  0.0  0.0  0.0  0.0  0.0  800.0
4  1  16  1400.0  1200.0  1  10.0  0.0  10.0  0.0  0.0  0.0  0.0  0.0  800.0
4  1  17  1400.0  1200.0  1  10.0  0.0  10.0  0.0  0.0  0.0  0.0  0.0  800.0
4  1  18  1400.0  1200.0  1  10.0  0.0  10.0  0.0  0.0  0.0  0.0  0.0  800.0
4  1  19  1400.0  1200.0  1  10.0  0.0  10.0  0.0  0.0  0.0  0.0  0.0  800.0
4  1  20  1400.0  1200.0  1  10.0  0.0  10.0  0.0  0.0  0.0  0.0  0.0  800.0
4  1  21  1400.0  1200.0  1  10.0  0.0  10.0  0.0  0.0  0.0  0.0  0.0  800.0
4  1  22  1400.0  1200.0  1  10.0  0.0  10.0  0.0  0.0  0.0  0.0  0.0  800.0
4  1  23  1400.0  1200.0  1  10.0  0.0  10.0  0.0  0.0  0.0  0.0  0.0  800.0
4  1  24  1400.0  1200.0  1  10.0  0.0  10.0  0.0  0.0  0.0  0.0  0.0  800.0
4  1  25  1400.0  1200.0  1  10.0  0.0  10.0  0.0  0.0  0.0  0.0  0.0  800.0
4  1  26  1400.0  1200.0  1  10.0  0.0  10.0  0.0  0.0  0.0  0.0  0.0  800.0
4  1  27  1400.0  1200.0  1  10.0  0.0  10.0  0.0  0.0  0.0  0.0  0.0  800.0
4  1  28  1400.0  1200.0  1  10.0  0.0  10.0  0.0  0.0  0.0  0.0  0.0  800.0
4  1  29  1400.0  1200.0  1  10.0  0.0  10.0  0.0  0.0  0.0  0.0  0.0  800.0
4  1  30  1400.0  1200.0  1  10.0  0.0  10.0  0.0  0.0  0.0  0.0  0.0  800.0
4  1  31  1400.0  1200.0  1  10.0  0.0  10.0  0.0  0.0  0.0  0.0  0.0  800.0
4  1  32  1400.0  1200.0  1  10.0  0.0  10.0  0.0  0.0  0.0  0.0  0.0  800.0
4  1  33  1400.0  1200.0  1  10.0  0.0  10.0  0.0  0.0  0.0  0.0  0.0  800.0
4  1  34  1400.0  1200.0  1  10.0  0.0  10.0  0.0  0.0  0.0  0.0  0.0  800.0
4  1  35  1400.0  1200.0  1  10.0  0.0  10.0  0.0  0.0  0.0  0.0  0.0  800.0
4  1  36  1400.0  1200.0  1  10.0  0.0  10.0  0.0  0.0  0.0  0.0  0.0  800.0
4  1  37  1400.0  1200.0  1  10.0  0.0  10.0  0.0  0.0  0.0  0.0  0.0  800.0
4  1  38  1400.0  1200.0  1  10.0  0.0  10.0  0.0  0.0  0.0  0.0  0.0  800.0
4  1  39  1400.0  1200.0  1  10.0  0.0  10.0  0.0  0.0  0.0  0.0  0.0  800.0
4  1  40  1400.0  1200.0  1  10.0  0.0  10.0  0.0  0.0  0.0  0.0  0.0  800.0
4  1  41  1400.0  1200.0  1  10.0  0.0  10.0  0.0  0.0  0.0  0.0  0.0  800.0
4  1  42  1400.0  1200.0  1  10.0  0.0  10.0  0.0  0.0  0.0  0.0  0.0  800.0
4  1  43  1400.0  1200.0  1  10.0  0.0  10.0  0.0  0.0  0.0  0.0  0.0  800.0
4  1  44  1400.0  1200.0  1  10.0  0.0  10.0  0.0  0.0  0.0  0.0  0.0  800.0
4  1  45  1400.0  1200.0  1  1e-05  0.0  1e-05  0.0  0.0  0.0  0.0  0.0  800.0
4  1  46  1400.0  1200.0  1  1e-05  0.0  1e-05  0.0  0.0  0.0  0.0  0.0  800.0
4  1  47  1400.0  1200.0  1  1e-05  0.0  1e-05  0.0  0.0  0.0  0.0  0.0  800.0
4  1  48  1400.0  1200.0  1  1e-05  0.0  1e-05  0.0  0.0  0.0  0.0  0.0  800.0
4  1  49  1400.0  1200.0  1  1e-05  0.0  1e-05  0.0  0.0  0.0  0.0  0.0  800.0
4  1  50  1400.0  1200.0  1  1e-05  0.0  1e-05  0.0  0.0  0.0  0.0  0.0  800.0
4  1  51  1400.0  1200.0  1  1e-05  0.0  1e-05  0.0  0.0  0.0  0.0  0.0  800.0
4  1  52  1400.0  1200.0  1  1e-05  0.0  1e-05  0.0  0.0  0.0  0.0  0.0  800.0
4  1  53  1400.0  1200.0  1  1e-05  0.0  1e-05  0.0  0.0  0.0  0.0  0.0  800.0
4  1  54  1400.0  1200.0  1  1e-05  0.0  1e-05  0.0  0.0  0.0  0.0  0.0  800.0
4  1  55  1400.0  1200.0  1  1e-05  0.0  1e-05  0.0  0.0  0.0  0.0  0.0  800.0
4  1  56  1400.0  1200.0  1  10.0  0.0  10.0  0.0  0.0  0.0  0.0  0.0  800.0
4  1  57  1400.0  1200.0  1  10.0  0.0  10.0  0.0  0.0  0.0  0.0  0.0  800.0
4  1  58  1400.0  1200.0  1  10.0  0.0  10.0  0.0  0.0  0.0  0.0  0.0  800.0
4  1  59  1400.0  1200.0  1  10.0  0.0  10.0  0.0  0.0  0.0  0.0  0.0  800.0
4  1  60  1400.0  1200.0  1  10.0  0.0  10.0  0.0  0.0  0.0  0.0  0.0  800.0
4  1  61  1400.0  1200.0  1  10.0  0.0  10.0  0.0  0.0  0.0  0.0  0.0  800.0
4  1  62  1400.0  1200.0  1  10.0  0.0  10.0  0.0  0.0  0.0  0.0  0.0  800.0
4  1  63  1400.0  1200.0  1  10.0  0.0  10.0  0.0  0.0  0.0  0.0  0.0  800.0
4  1  64  1400.0  1200.0  1  10.0  0.0  10.0  0.0  0.0  0.0  0.0  0.0  800.0
4  1  65  1400.0  1200.0  1  10.0  0.0  10.0  0.0  0.0  0.0  0.0  0.0  800.0
4  1  66  1400.0  1200.0  1  10.0  0.0  10.0  0.0  0.0  0.0  0.0  0.0  800.0
4  1  67  1400.0  1200.0  1  10.0  0.0  10.0  0.0  0.0  0.0  0.0  0.0  800.0
4  1  68  1400.0  1200.0  1  10.0  0.0  10.0  0.0  0.0  0.0  0.0  0.0  800.0
4  1  69  1400.0  1200.0  1  10.0  0.0  10.0  0.0  0.0  0.0  0.0  0.0  800.0
4  1  70  1400.0  1200.0  1  10.0  0.0  10.0  0.0  0.0  0.0  0.0  0.0  800.0
4  1  71  1400.0  1200.0  1  10.0  0.0  10.0  0.0  0.0  0.0  0.0  0.0  800.0
4  1  72  1400.0  1200.0  1  10.0  0.0  10.0  0.0  0.0  0.0  0.0  0.0  800.0
4  1  73  1400.0  1200.0  1  10.0  0.0  10.0  0.0  0.0  0.0  0.0  0.0  800.0
4  1  74  1400.0  1200.0  1  10.0  0.0  10.0  0.0  0.0  0.0  0.0  0.0  800.0
4  1  75  1400.0  1200.0  1  10.0  0.0  10.0  0.0  0.0  0.0  0.0  0.0  800.0
4  1  76  1400.0  1200.0  1  10.0  0.0  10.0  0.0  0.0  0.0  0.0  0.0  800.0
4  1  77  1400.0  1200.0  1  10.0  0.0  10.0  0.0  0.0  0.0  0.0  0.0  800.0
4  1  78  1400.0  1200.0  1  10.0  0.0  10.0  0.0  0.0  0.0  0.0  0.0  800.0
4  1  79  1400.0  1200.0  1  10.0  0.0  10.0  0.0  0.0  0.0  0.0  0.0  800.0
4  1  80  1400.0  1200.0  1  10.0  0.0  10.0  0.0  0.0  0.0  0.0  0.0  800.0
4  1  81  1400.0  1200.0  1  10.0  0.0  10.0  0.0  0.0  0.0  0.0  0.0  800.0
4  1  82  1400.0  1200.0  1  10.0  0.0  10.0  0.0  0.0  0.0  0.0  0.0  800.0
4  1  83  1400.0  1200.0  1  10.0  0.0  10.0  0.0  0.0  0.0  0.0  0.0  800.0
4  1  84  1400.0  1200.0  1  10.0  0.0  10.0  0.0  0.0  0.0  0.0  0.0  800.0
4  1  85  1400.0  1200.0  1  10.0  0.0  10.0  0.0  0.0  0.0  0.0  0.0  800.0
4  1  86  1400.0  1200.0  1  10.0  0.0  10.0  0.0  0.0  0.0  0.0  0.0  800.0
4  1  87  1400.0  1200.0  1  10.0  0.0  10.0  0.0  0.0  0.0  0.0  0.0  800.0
4  1  88  1400.0  1200.0  1  10.0  0.0  10.0  0.0  0.0  0.0  0.0  0.0  800.0
4  1  89  1400.0  1200.0  1  10.0  0.0  10.0  0.0  0.0  0.0  0.0  0.0  800.0
4  1  90  1400.0  1200.0  1  10.0  0.0  10.0  0.0  0.0  0.0  0.0  0.0  800.0
4  1  91  1400.0  1200.0  1  10.0  0.0  10.0  0.0  0.0  0.0  0.0  0.0  800.0
4  1  92  1400.0  1200.0  1  10.0  0.0  10.0  0.0  0.0  0.0  0.0  0.0  800.0
4  1  93  1400.0  1200.0  1  10.0  0.0  10.0  0.0  0.0  0.0  0.0  0.0  800.0
4  1  94  1400.0  1200.0  1  10.0  0.0  10.0  0.0  0.0  0.0  0.0  0.0  800.0
4  1  95  1400.0  1200.0  1  10.0  0.0  10.0  0.0  0.0  0.0  0.0  0.0  800.0
4  1  96  1400.0  1200.0  1  10.0  0.0  10.0  0.0  0.0  0.0  0.0  0.0  800.0
4  1  97  1400.0  1200.0  1  10.0  0.0  10.0  0.0  0.0  0.0  0.0  0.0  800.0
4  1  98  1400.0  1200.0  1  10.0  0.0  10.0  0.0  0.0  0.0  0.0  0.0  800.0
4  1  99  1400.0  1200.0  1  10.0  0.0  10.0  0.0  0.0  0.0  0.0  0.0  800.0
4  1  100  1400.0  1200.0  1  10.0  0.0  10.0  0.0  0.0  0.0  0.0  0.0  800.0
5  1  1  1200.0  1000.0  1  10.0  0.0  10.0  0.0  0.0  0.0  0.0  0.0  800.0
5  1  2  1200.0  1000.0  1  10.0  0.0  10.0  0.0  0.0  0.0  0.0  0.0  800.0
5  1  3  1200.0  1000.0  1  10.0  0.0  10.0  0.0  0.0  0.0  0.0  0.0  800.0
5  1  4  1200.0  1000.0  1  10.0  0.0  10.0  0.0  0.0  0.0  0.0  0.0  800.0
5  1  5  1200.0  1000.0  1  10.0  0.0  10.0  0.0  0.0  0.0  0.0  0.0  800.0
5  1  6  1200.0  1000.0  1  10.0  0.0  10.0  0.0  0.0  0.0  0.0  0.0  800.0
5  1  7  1200.0  1000.0  1  10.0  0.0  10.0  0.0  0.0  0.0  0.0  0.0  800.0
5  1  8  1200.0  1000.0  1  10.0  0.0  10.0  0.0  0.0  0.0  0.0  0.0  800.0
5  1  9  1200.0  1000.0  1  10.0  0.0  10.0  0.0  0.0  0.0  0.0  0.0  800.0
5  1  10  1200.0  1000.0  1  10.0  0.0  10.0  0.0  0.0  0.0  0.0  0.0  800.0
5  1  11  1200.0  1000.0  1  10.0  0.0  10.0  0.0  0.0  0.0  0.0  0.0  800.0
5  1  12  1200.0  1000.0  1  10.0  0.0  10.0  0.0  0.0  0.0  0.0  0.0  800.0
5  1  13  1200.0  1000.0  1  10.0  0.0  10.0  0.0  0.0  0.0  0.0  0.0  800.0
5  1  14  1200.0  1000.0  1  10.0  0.0  10.0  0.0  0.0  0.0  0.0  0.0  800.0
5  1  15  1200.0  1000.0  1  10.0  0.0  10.0  0.0  0.0  0.0  0.0  0.0  800.0
5  1  16  1200.0  1000.0  1  10.0  0.0  10.0  0.0  0.0  0.0  0.0  0.0  800.0
5  1  17  1200.0  1000.0  1  10.0  0.0  10.0  0.0  0.0  0.0  0.0  0.0  800.0
5  1  18  1200.0  1000.0  1  10.0  0.0  10.0  0.0  0.0  0.0  0.0  0.0  800.0
5  1  19  1200.0  1000.0  1  10.0  0.0  10.0  0.0  0.0  0.0  0.0  0.0  800.0
5  1  20  1200.0  1000.0  1  10.0  0.0  10.0  0.0  0.0  0.0  0.0  0.0  800.0
5  1  21  1200.0  1000.0  1  10.0  0.0  10.0  0.0  0.0  0.0  0.0  0.0  800.0
5  1  22  1200.0  1000.0  1  10.0  0.0  10.0  0.0  0.0  0.0  0.0  0.0  800.0
5  1  23  1200.0  1000.0  1  10.0  0.0  10.0  0.0  0.0  0.0  0.0  0.0  800.0
5  1  24  1200.0  1000.0  1  10.0  0.0  10.0  0.0  0.0  0.0  0.0  0.0  800.0
5  1  25  1200.0  1000.0  1  10.0  0.0  10.0  0.0  0.0  0.0  0.0  0.0  800.0
5  1  26  1200.0  1000.0  1  10.0  0.0  10.0  0.0  0.0  0.0  0.0  0.0  800.0
5  1  27  1200.0  1000.0  1  10.0  0.0  10.0  0.0  0.0  0.0  0.0  0.0  800.0
5  1  28  1200.0  1000.0  1  10.0  0.0  10.0  0.0  0.0  0.0  0.0  0.0  800.0
5  1  29  1200.0  1000.0  1  10.0  0.0  10.0  0.0  0.0  0.0  0.0  0.0  800.0
5  1  30  1200.0  1000.0  1  10.0  0.0  10.0  0.0  0.0  0.0  0.0  0.0  800.0
5  1  31  1200.0  1000.0  1  10.0  0.0  10.0  0.0  0.0  0.0  0.0  0.0  800.0
5  1  32  1200.0  1000.0  1  10.0  0.0  10.0  0.0  0.0  0.0  0.0  0.0  800.0
5  1  33  1200.0  1000.0  1  10.0  0.0  10.0  0.0  0.0  0.0  0.0  0.0  800.0
5  1  34  1200.0  1000.0  1  10.0  0.0  10.0  0.0  0.0  0.0  0.0  0.0  800.0
5  1  35  1200.0  1000.0  1  10.0  0.0  10.0  0.0  0.0  0.0  0.0  0.0  800.0
5  1  36  1200.0  1000.0  1  10.0  0.0  10.0  0.0  0.0  0.0  0.0  0.0  800.0
5  1  37  1200.0  1000.0  1  10.0  0.0  10.0  0.0  0.0  0.0  0.0  0.0  800.0
5  1  38  1200.0  1000.0  1  10.0  0.0  10.0  0.0  0.0  0.0  0.0  0.0  800.0
5  1  39  1200.0  1000.0  1  10.0  0.0  10.0  0.0  0.0  0.0  0.0  0.0  800.0
5  1  40  1200.0  1000.0  1  10.0  0.0  10.0  0.0  0.0  0.0  0.0  0.0  800.0
5  1  41  1200.0  1000.0  1  10.0  0.0  10.0  0.0  0.0  0.0  0.0  0.0  800.0
5  1  42  1200.0  1000.0  1  10.0  0.0  10.0  0.0  0.0  0.0  0.0  0.0  800.0
5  1  43  1200.0  1000.0  1  10.0  0.0  10.0  0.0  0.0  0.0  0.0  0.0  800.0
5  1  44  1200.0  1000.0  1  10.0  0.0  10.0  0.0  0.0  0.0  0.0  0.0  800.0
5  1  45  1200.0  1000.0  1  10.0  0.0  10.0  0.0  0.0  0.0  0.0  0.0  800.0
5  1  46  1200.0  1000.0  1  10.0  0.0  10.0  0.0  0.0  0.0  0.0  0.0  800.0
5  1  47  1200.0  1000.0  1  10.0  0.0  10.0  0.0  0.0  0.0  0.0  0.0  800.0
5  1  48  1200.0  1000.0  1  10.0  0.0  10.0  0.0  0.0  0.0  0.0  0.0  800.0
5  1  49  1200.0  1000.0  1  10.0  0.0  10.0  0.0  0.0  0.0  0.0  0.0  800.0
5  1  50  1200.0  1000.0  1  10.0  0.0  10.0  0.0  0.0  0.0  0.0  0.0  800.0
5  1  51  1200.0  1000.0  1  10.0  0.0  10.0  0.0  0.0  0.0  0.0  0.0  800.0
5  1  52  1200.0  1000.0  1  10.0  0.0  10.0  0.0  0.0  0.0  0.0  0.0  800.0
5  1  53  1200.0  1000.0  1  10.0  0.0  10.0  0.0  0.0  0.0  0.0  0.0  800.0
5  1  54  1200.0  1000.0  1  10.0  0.0  10.0  0.0  0.0  0.0  0.0  0.0  800.0
5  1  55  1200.0  1000.0  1  10.0  0.0  10.0  0.0  0.0  0.0  0.0  0.0  800.0
5  1  56  1200.0  1000.0  1  10.0  0.0  10.0  0.0  0.0  0.0  0.0  0.0  800.0
5  1  57  1200.0  1000.0  1  10.0  0.0  10.0  0.0  0.0  0.0  0.0  0.0  800.0
5  1  58  1200.0  1000.0  1  10.0  0.0  10.0  0.0  0.0  0.0  0.0  0.0  800.0
5  1  59  1200.0  1000.0  1  10.0  0.0  10.0  0.0  0.0  0.0  0.0  0.0  800.0
5  1  60  1200.0  1000.0  1  10.0  0.0  10.0  0.0  0.0  0.0  0.0  0.0  800.0
5  1  61  1200.0  1000.0  1  10.0  0.0  10.0  0.0  0.0  0.0  0.0  0.0  800.0
5  1  62  1200.0  1000.0  1  10.0  0.0  10.0  0.0  0.0  0.0  0.0  0.0  800.0
5  1  63  1200.0  1000.0  1  10.0  0.0  10.0  0.0  0.0  0.0  0.0  0.0  800.0
5  1  64  1200.0  1000.0  1  10.0  0.0  10.0  0.0  0.0  0.0  0.0  0.0  800.0
5  1  65  1200.0  1000.0  1  10.0  0.0  10.0  0.0  0.0  0.0  0.0  0.0  800.0
5  1  66  1200.0  1000.0  1  10.0  0.0  10.0  0.0  0.0  0.0  0.0  0.0  800.0
5  1  67  1200.0  1000.0  1  10.0  0.0  10.0  0.0  0.0  0.0  0.0  0.0  800.0
5  1  68  1200.0  1000.0  1  10.0  0.0  10.0  0.0  0.0  0.0  0.0  0.0  800.0
5  1  69  1200.0  1000.0  1  10.0  0.0  10.0  0.0  0.0  0.0  0.0  0.0  800.0
5  1  70  1200.0  1000.0  1  10.0  0.0  10.0  0.0  0.0  0.0  0.0  0.0  800.0
5  1  71  1200.0  1000.0  1  10.0  0.0  10.0  0.0  0.0  0.0  0.0  0.0  800.0
5  1  72  1200.0  1000.0  1  10.0  0.0  10.0  0.0  0.0  0.0  0.0  0.0  800.0
5  1  73  1200.0  1000.0  1  10.0  0.0  10.0  0.0  0.0  0.0  0.0  0.0  800.0
5  1  74  1200.0  1000.0  1  10.0  0.0  10.0  0.0  0.0  0.0  0.0  0.0  800.0
5  1  75  1200.0  1000.0  1  10.0  0.0  10.0  0.0  0.0  0.0  0.0  0.0  800.0
5  1  76  1200.0  1000.0  1  10.0  0.0  10.0  0.0  0.0  0.0  0.0  0.0  800.0
5  1  77  1200.0  1000.0  1  10.0  0.0  10.0  0.0  0.0  0.0  0.0  0.0  800.0
5  1  78  1200.0  1000.0  1  10.0  0.0  10.0  0.0  0.0  0.0  0.0  0.0  800.0
5  1  79  1200.0  1000.0  1  10.0  0.0  10.0  0.0  0.0  0.0  0.0  0.0  800.0
5  1  80  1200.0  1000.0  1  10.0  0.0  10.0  0.0  0.0  0.0  0.0  0.0  800.0
5  1  81  1200.0  1000.0  1  10.0  0.0  10.0  0.0  0.0  0.0  0.0  0.0  800.0
5  1  82  1200.0  1000.0  1  10.0  0.0  10.0  0.0  0.0  0.0  0.0  0.0  800.0
5  1  83  1200.0  1000.0  1  10.0  0.0  10.0  0.0  0.0  0.0  0.0  0.0  800.0
5  1  84  1200.0  1000.0  1  10.0  0.0  10.0  0.0  0.0  0.0  0.0  0.0  800.0
5  1  85  1200.0  1000.0  1  10.0  0.0  10.0  0.0  0.0  0.0  0.0  0.0  800.0
5  1  86  1200.0  1000.0  1  10.0  0.0  10.0  0.0  0.0  0.0  0.0  0.0  800.0
5  1  87  1200.0  1000.0  1  10.0  0.0  10.0  0.0  0.0  0.0  0.0  0.0  800.0
5  1  88  1200.0  1000.0  1  10.0  0.0  10.0  0.0  0.0  0.0  0.0  0.0  800.0
5  1  89  1200.0  1000.0  1  10.0  0.0  10.0  0.0  0.0  0.0  0.0  0.0  800.0
5  1  90  1200.0  1000.0  1  10.0  0.0  10.0  0.0  0.0  0.0  0.0  0.0  800.0
5  1  91  1200.0  1000.0  1  10.0  0.0  10.0  0.0  0.0  0.0  0.0  0.0  800.0
5  1  92  1200.0  1000.0  1  10.0  0.0  10.0  0.0  0.0  0.0  0.0  0.0  800.0
5  1  93  1200.0  1000.0  1  10.0  0.0  10.0  0.0  0.0  0.0  0.0  0.0  800.0
5  1  94  1200.0  1000.0  1  10.0  0.0  10.0  0.0  0.0  0.0  0.0  0.0  800.0
5  1  95  1200.0  1000.0  1  10.0  0.0  10.0  0.0  0.0  0.0  0.0  0.0  800.0
5  1  96  1200.0  1000.0  1  10.0  0.0  10.0  0.0  0.0  0.0  0.0  0.0  800.0
5  1  97  1200.0  1000.0  1  10.0  0.0  10.0  0.0  0.0  0.0  0.0  0.0  800.0
5  1  98  1200.0  1000.0  1  10.0  0.0  10.0  0.0  0.0  0.0  0.0  0.0  800.0
5  1  99  1200.0  1000.0  1  10.0  0.0  10.0  0.0  0.0  0.0  0.0  0.0  800.0
5  1  100  1200.0  1000.0  1  10.0  0.0  10.0  0.0  0.0  0.0  0.0  0.0  800.0
6  1  1  1000.0  800.0  1  10.0  0.0  10.0  0.0  0.0  0.0  0.0  0.0  800.0
6  1  2  1000.0  800.0  1  10.0  0.0  10.0  0.0  0.0  0.0  0.0  0.0  800.0
6  1  3  1000.0  800.0  1  10.0  0.0  10.0  0.0  0.0  0.0  0.0  0.0  800.0
6  1  4  1000.0  800.0  1  10.0  0.0  10.0  0.0  0.0  0.0  0.0  0.0  800.0
6  1  5  1000.0  800.0  1  10.0  0.0  10.0  0.0  0.0  0.0  0.0  0.0  800.0
6  1  6  1000.0  800.0  1  10.0  0.0  10.0  0.0  0.0  0.0  0.0  0.0  800.0
6  1  7  1000.0  800.0  1  10.0  0.0  10.0  0.0  0.0  0.0  0.0  0.0  800.0
6  1  8  1000.0  800.0  1  10.0  0.0  10.0  0.0  0.0  0.0  0.0  0.0  800.0
6  1  9  1000.0  800.0  1  10.0  0.0  10.0  0.0  0.0  0.0  0.0  0.0  800.0
6  1  10  1000.0  800.0  1  10.0  0.0  10.0  0.0  0.0  0.0  0.0  0.0  800.0
6  1  11  1000.0  800.0  1  10.0  0.0  10.0  0.0  0.0  0.0  0.0  0.0  800.0
6  1  12  1000.0  800.0  1  10.0  0.0  10.0  0.0  0.0  0.0  0.0  0.0  800.0
6  1  13  1000.0  800.0  1  10.0  0.0  10.0  0.0  0.0  0.0  0.0  0.0  800.0
6  1  14  1000.0  800.0  1  10.0  0.0  10.0  0.0  0.0  0.0  0.0  0.0  800.0
6  1  15  1000.0  800.0  1  10.0  0.0  10.0  0.0  0.0  0.0  0.0  0.0  800.0
6  1  16  1000.0  800.0  1  10.0  0.0  10.0  0.0  0.0  0.0  0.0  0.0  800.0
6  1  17  1000.0  800.0  1  10.0  0.0  10.0  0.0  0.0  0.0  0.0  0.0  800.0
6  1  18  1000.0  800.0  1  10.0  0.0  10.0  0.0  0.0  0.0  0.0  0.0  800.0
6  1  19  1000.0  800.0  1  10.0  0.0  10.0  0.0  0.0  0.0  0.0  0.0  800.0
6  1  20  1000.0  800.0  1  10.0  0.0  10.0  0.0  0.0  0.0  0.0  0.0  800.0
6  1  21  1000.0  800.0  1  10.0  0.0  10.0  0.0  0.0  0.0  0.0  0.0  800.0
6  1  22  1000.0  800.0  1  10.0  0.0  10.0  0.0  0.0  0.0  0.0  0.0  800.0
6  1  23  1000.0  800.0  1  10.0  0.0  10.0  0.0  0.0  0.0  0.0  0.0  800.0
6  1  24  1000.0  800.0  1  10.0  0.0  10.0  0.0  0.0  0.0  0.0  0.0  800.0
6  1  25  1000.0  800.0  1  10.0  0.0  10.0  0.0  0.0  0.0  0.0  0.0  800.0
6  1  26  1000.0  800.0  1  10.0  0.0  10.0  0.0  0.0  0.0  0.0  0.0  800.0
6  1  27  1000.0  800.0  1  10.0  0.0  10.0  0.0  0.0  0.0  0.0  0.0  800.0
6  1  28  1000.0  800.0  1  10.0  0.0  10.0  0.0  0.0  0.0  0.0  0.0  800.0
6  1  29  1000.0  800.0  1  10.0  0.0  10.0  0.0  0.0  0.0  0.0  0.0  800.0
6  1  30  1000.0  800.0  1  10.0  0.0  10.0  0.0  0.0  0.0  0.0  0.0  800.0
6  1  31  1000.0  800.0  1  10.0  0.0  10.0  0.0  0.0  0.0  0.0  0.0  800.0
6  1  32  1000.0  800.0  1  10.0  0.0  10.0  0.0  0.0  0.0  0.0  0.0  800.0
6  1  33  1000.0  800.0  1  10.0  0.0  10.0  0.0  0.0  0.0  0.0  0.0  800.0
6  1  34  1000.0  800.0  1  10.0  0.0  10.0  0.0  0.0  0.0  0.0  0.0  800.0
6  1  35  1000.0  800.0  1  10.0  0.0  10.0  0.0  0.0  0.0  0.0  0.0  800.0
6  1  36  1000.0  800.0  1  10.0  0.0  10.0  0.0  0.0  0.0  0.0  0.0  800.0
6  1  37  1000.0  800.0  1  10.0  0.0  10.0  0.0  0.0  0.0  0.0  0.0  800.0
6  1  38  1000.0  800.0  1  10.0  0.0  10.0  0.0  0.0  0.0  0.0  0.0  800.0
6  1  39  1000.0  800.0  1  10.0  0.0  10.0  0.0  0.0  0.0  0.0  0.0  800.0
6  1  40  1000.0  800.0  1  10.0  0.0  10.0  0.0  0.0  0.0  0.0  0.0  800.0
6  1  41  1000.0  800.0  1  10.0  0.0  10.0  0.0  0.0  0.0  0.0  0.0  800.0
6  1  42  1000.0  800.0  1  10.0  0.0  10.0  0.0  0.0  0.0  0.0  0.0  800.0
6  1  43  1000.0  800.0  1  10.0  0.0  10.0  0.0  0.0  0.0  0.0  0.0  800.0
6  1  44  1000.0  800.0  1  10.0  0.0  10.0  0.0  0.0  0.0  0.0  0.0  800.0
6  1  45  1000.0  800.0  1  10.0  0.0  10.0  0.0  0.0  0.0  0.0  0.0  800.0
6  1  46  1000.0  800.0  1  10.0  0.0  10.0  0.0  0.0  0.0  0.0  0.0  800.0
6  1  47  1000.0  800.0  1  10.0  0.0  10.0  0.0  0.0  0.0  0.0  0.0  800.0
6  1  48  1000.0  800.0  1  10.0  0.0  10.0  0.0  0.0  0.0  0.0  0.0  800.0
6  1  49  1000.0  800.0  1  10.0  0.0  10.0  0.0  0.0  0.0  0.0  0.0  800.0
6  1  50  1000.0  800.0  1  10.0  0.0  10.0  0.0  0.0  0.0  0.0  0.0  800.0
6  1  51  1000.0  800.0  1  10.0  0.0  10.0  0.0  0.0  0.0  0.0  0.0  800.0
6  1  52  1000.0  800.0  1  10.0  0.0  10.0  0.0  0.0  0.0  0.0  0.0  800.0
6  1  53  1000.0  800.0  1  10.0  0.0  10.0  0.0  0.0  0.0  0.0  0.0  800.0
6  1  54  1000.0  800.0  1  10.0  0.0  10.0  0.0  0.0  0.0  0.0  0.0  800.0
6  1  55  1000.0  800.0  1  10.0  0.0  10.0  0.0  0.0  0.0  0.0  0.0  800.0
6  1  56  1000.0  800.0  1  10.0  0.0  10.0  0.0  0.0  0.0  0.0  0.0  800.0
6  1  57  1000.0  800.0  1  10.0  0.0  10.0  0.0  0.0  0.0  0.0  0.0  800.0
6  1  58  1000.0  800.0  1  10.0  0.0  10.0  0.0  0.0  0.0  0.0  0.0  800.0
6  1  59  1000.0  800.0  1  10.0  0.0  10.0  0.0  0.0  0.0  0.0  0.0  800.0
6  1  60  1000.0  800.0  1  10.0  0.0  10.0  0.0  0.0  0.0  0.0  0.0  800.0
6  1  61  1000.0  800.0  1  10.0  0.0  10.0  0.0  0.0  0.0  0.0  0.0  800.0
6  1  62  1000.0  800.0  1  10.0  0.0  10.0  0.0  0.0  0.0  0.0  0.0  800.0
6  1  63  1000.0  800.0  1  10.0  0.0  10.0  0.0  0.0  0.0  0.0  0.0  800.0
6  1  64  1000.0  800.0  1  10.0  0.0  10.0  0.0  0.0  0.0  0.0  0.0  800.0
6  1  65  1000.0  800.0  1  10.0  0.0  10.0  0.0  0.0  0.0  0.0  0.0  800.0
6  1  66  1000.0  800.0  1  10.0  0.0  10.0  0.0  0.0  0.0  0.0  0.0  800.0
6  1  67  1000.0  800.0  1  10.0  0.0  10.0  0.0  0.0  0.0  0.0  0.0  800.0
6  1  68  1000.0  800.0  1  10.0  0.0  10.0  0.0  0.0  0.0  0.0  0.0  800.0
6  1  69  1000.0  800.0  1  10.0  0.0  10.0  0.0  0.0  0.0  0.0  0.0  800.0
6  1  70  1000.0  800.0  1  10.0  0.0  10.0  0.0  0.0  0.0  0.0  0.0  800.0
6  1  71  1000.0  800.0  1  10.0  0.0  10.0  0.0  0.0  0.0  0.0  0.0  800.0
6  1  72  1000.0  800.0  1  10.0  0.0  10.0  0.0  0.0  0.0  0.0  0.0  800.0
6  1  73  1000.0  800.0  1  10.0  0.0  10.0  0.0  0.0  0.0  0.0  0.0  800.0
6  1  74  1000.0  800.0  1  10.0  0.0  10.0  0.0  0.0  0.0  0.0  0.0  800.0
6  1  75  1000.0  800.0  1  10.0  0.0  10.0  0.0  0.0  0.0  0.0  0.0  800.0
6  1  76  1000.0  800.0  1  10.0  0.0  10.0  0.0  0.0  0.0  0.0  0.0  800.0
6  1  77  1000.0  800.0  1  10.0  0.0  10.0  0.0  0.0  0.0  0.0  0.0  800.0
6  1  78  1000.0  800.0  1  10.0  0.0  10.0  0.0  0.0  0.0  0.0  0.0  800.0
6  1  79  1000.0  800.0  1  10.0  0.0  10.0  0.0  0.0  0.0  0.0  0.0  800.0
6  1  80  1000.0  800.0  1  10.0  0.0  10.0  0.0  0.0  0.0  0.0  0.0  800.0
6  1  81  1000.0  800.0  1  10.0  0.0  10.0  0.0  0.0  0.0  0.0  0.0  800.0
6  1  82  1000.0  800.0  1  10.0  0.0  10.0  0.0  0.0  0.0  0.0  0.0  800.0
6  1  83  1000.0  800.0  1  10.0  0.0  10.0  0.0  0.0  0.0  0.0  0.0  800.0
6  1  84  1000.0  800.0  1  10.0  0.0  10.0  0.0  0.0  0.0  0.0  0.0  800.0
6  1  85  1000.0  800.0  1  10.0  0.0  10.0  0.0  0.0  0.0  0.0  0.0  800.0
6  1  86  1000.0  800.0  1  10.0  0.0  10.0  0.0  0.0  0.0  0.0  0.0  800.0
6  1  87  1000.0  800.0  1  10.0  0.0  10.0  0.0  0.0  0.0  0.0  0.0  800.0
6  1  88  1000.0  800.0  1  10.0  0.0  10.0  0.0  0.0  0.0  0.0  0.0  800.0
6  1  89  1000.0  800.0  1  10.0  0.0  10.0  0.0  0.0  0.0  0.0  0.0  800.0
6  1  90  1000.0  800.0  1  10.0  0.0  10.0  0.0  0.0  0.0  0.0  0.0  800.0
6  1  91  1000.0  800.0  1  10.0  0.0  10.0  0.0  0.0  0.0  0.0  0.0  800.0
6  1  92  1000.0  800.0  1  10.0  0.0  10.0  0.0  0.0  0.0  0.0  0.0  800.0
6  1  93  1000.0  800.0  1  10.0  0.0  10.0  0.0  0.0  0.0  0.0  0.0  800.0
6  1  94  1000.0  800.0  1  10.0  0.0  10.0  0.0  0.0  0.0  0.0  0.0  800.0
6  1  95  1000.0  800.0  1  10.0  0.0  10.0  0.0  0.0  0.0  0.0  0.0  800.0
6  1  96  1000.0  800.0  1  10.0  0.0  10.0  0.0  0.0  0.0  0.0  0.0  800.0
6  1  97  1000.0  800.0  1  10.0  0.0  10.0  0.0  0.0  0.0  0.0  0.0  800.0
6  1  98  1000.0  800.0  1  10.0  0.0  10.0  0.0  0.0  0.0  0.0  0.0  800.0
6  1  99  1000.0  800.0  1  10.0  0.0  10.0  0.0  0.0  0.0  0.0  0.0  800.0
6  1  100  1000.0  800.0  1  10.0  0.0  10.0  0.0  0.0  0.0  0.0  0.0  800.0
7  1  1  800.0  600.0  -1  10.0  0.0  10.0  0.0  0.0  0.0  0.0  0.0  800.0
7  1  2  800.0  600.0  1  10.0  0.0  10.0  0.0  0.0  0.0  0.0  0.0  800.0
7  1  3  800.0  600.0  1  10.0  0.0  10.0  0.0  0.0  0.0  0.0  0.0  800.0
7  1  4  800.0  600.0  1  10.0  0.0  10.0  0.0  0.0  0.0  0.0  0.0  800.0
7  1  5  800.0  600.0  1  10.0  0.0  10.0  0.0  0.0  0.0  0.0  0.0  800.0
7  1  6  800.0  600.0  1  10.0  0.0  10.0  0.0  0.0  0.0  0.0  0.0  800.0
7  1  7  800.0  600.0  1  10.0  0.0  10.0  0.0  0.0  0.0  0.0  0.0  800.0
7  1  8  800.0  600.0  1  10.0  0.0  10.0  0.0  0.0  0.0  0.0  0.0  800.0
7  1  9  800.0  600.0  1  10.0  0.0  10.0  0.0  0.0  0.0  0.0  0.0  800.0
7  1  10  800.0  600.0  1  10.0  0.0  10.0  0.0  0.0  0.0  0.0  0.0  800.0
7  1  11  800.0  600.0  1  10.0  0.0  10.0  0.0  0.0  0.0  0.0  0.0  800.0
7  1  12  800.0  600.0  1  10.0  0.0  10.0  0.0  0.0  0.0  0.0  0.0  800.0
7  1  13  800.0  600.0  1  10.0  0.0  10.0  0.0  0.0  0.0  0.0  0.0  800.0
7  1  14  800.0  600.0  1  10.0  0.0  10.0  0.0  0.0  0.0  0.0  0.0  800.0
7  1  15  800.0  600.0  1  10.0  0.0  10.0  0.0  0.0  0.0  0.0  0.0  800.0
7  1  16  800.0  600.0  1  10.0  0.0  10.0  0.0  0.0  0.0  0.0  0.0  800.0
7  1  17  800.0  600.0  1  10.0  0.0  10.0  0.0  0.0  0.0  0.0  0.0  800.0
7  1  18  800.0  600.0  1  10.0  0.0  10.0  0.0  0.0  0.0  0.0  0.0  800.0
7  1  19  800.0  600.0  1  10.0  0.0  10.0  0.0  0.0  0.0  0.0  0.0  800.0
7  1  20  800.0  600.0  1  10.0  0.0  10.0  0.0  0.0  0.0  0.0  0.0  800.0
7  1  21  800.0  600.0  1  10.0  0.0  10.0  0.0  0.0  0.0  0.0  0.0  800.0
7  1  22  800.0  600.0  1  10.0  0.0  10.0  0.0  0.0  0.0  0.0  0.0  800.0
7  1  23  800.0  600.0  1  10.0  0.0  10.0  0.0  0.0  0.0  0.0  0.0  800.0
7  1  24  800.0  600.0  1  10.0  0.0  10.0  0.0  0.0  0.0  0.0  0.0  800.0
7  1  25  800.0  600.0  1  10.0  0.0  10.0  0.0  0.0  0.0  0.0  0.0  800.0
7  1  26  800.0  600.0  1  10.0  0.0  10.0  0.0  0.0  0.0  0.0  0.0  800.0
7  1  27  800.0  600.0  1  10.0  0.0  10.0  0.0  0.0  0.0  0.0  0.0  800.0
7  1  28  800.0  600.0  1  10.0  0.0  10.0  0.0  0.0  0.0  0.0  0.0  800.0
7  1  29  800.0  600.0  1  10.0  0.0  10.0  0.0  0.0  0.0  0.0  0.0  800.0
7  1  30  800.0  600.0  1  10.0  0.0  10.0  0.0  0.0  0.0  0.0  0.0  800.0
7  1  31  800.0  600.0  1  10.0  0.0  10.0  0.0  0.0  0.0  0.0  0.0  800.0
7  1  32  800.0  600.0  1  10.0  0.0  10.0  0.0  0.0  0.0  0.0  0.0  800.0
7  1  33  800.0  600.0  1  10.0  0.0  10.0  0.0  0.0  0.0  0.0  0.0  800.0
7  1  34  800.0  600.0  1  10.0  0.0  10.0  0.0  0.0  0.0  0.0  0.0  800.0
7  1  35  800.0  600.0  1  10.0  0.0  10.0  0.0  0.0  0.0  0.0  0.0  800.0
7  1  36  800.0  600.0  1  10.0  0.0  10.0  0.0  0.0  0.0  0.0  0.0  800.0
7  1  37  800.0  600.0  1  10.0  0.0  10.0  0.0  0.0  0.0  0.0  0.0  800.0
7  1  38  800.0  600.0  1  10.0  0.0  10.0  0.0  0.0  0.0  0.0  0.0  800.0
7  1  39  800.0  600.0  1  10.0  0.0  10.0  0.0  0.0  0.0  0.0  0.0  800.0
7  1  40  800.0  600.0  1  10.0  0.0  10.0  0.0  0.0  0.0  0.0  0.0  800.0
7  1  41  800.0  600.0  1  10.0  0.0  10.0  0.0  0.0  0.0  0.0  0.0  800.0
7  1  42  800.0  600.0  1  10.0  0.0  10.0  0.0  0.0  0.0  0.0  0.0  800.0
7  1  43  800.0  600.0  1  10.0  0.0  10.0  0.0  0.0  0.0  0.0  0.0  800.0
7  1  44  800.0  600.0  1  10.0  0.0  10.0  0.0  0.0  0.0  0.0  0.0  800.0
7  1  45  800.0  600.0  1  10.0  0.0  10.0  0.0  0.0  0.0  0.0  0.0  800.0
7  1  46  800.0  600.0  1  10.0  0.0  10.0  0.0  0.0  0.0  0.0  0.0  800.0
7  1  47  800.0  600.0  1  10.0  0.0  10.0  0.0  0.0  0.0  0.0  0.0  800.0
7  1  48  800.0  600.0  1  10.0  0.0  10.0  0.0  0.0  0.0  0.0  0.0  800.0
7  1  49  800.0  600.0  1  10.0  0.0  10.0  0.0  0.0  0.0  0.0  0.0  800.0
7  1  50  800.0  600.0  1  10.0  0.0  10.0  0.0  0.0  0.0  0.0  0.0  800.0
7  1  51  800.0  600.0  1  10.0  0.0  10.0  0.0  0.0  0.0  0.0  0.0  800.0
7  1  52  800.0  600.0  1  10.0  0.0  10.0  0.0  0.0  0.0  0.0  0.0  800.0
7  1  53  800.0  600.0  1  10.0  0.0  10.0  0.0  0.0  0.0  0.0  0.0  800.0
7  1  54  800.0  600.0  1  10.0  0.0  10.0  0.0  0.0  0.0  0.0  0.0  800.0
7  1  55  800.0  600.0  1  10.0  0.0  10.0  0.0  0.0  0.0  0.0  0.0  800.0
7  1  56  800.0  600.0  1  10.0  0.0  10.0  0.0  0.0  0.0  0.0  0.0  800.0
7  1  57  800.0  600.0  1  10.0  0.0  10.0  0.0  0.0  0.0  0.0  0.0  800.0
7  1  58  800.0  600.0  1  10.0  0.0  10.0  0.0  0.0  0.0  0.0  0.0  800.0
7  1  59  800.0  600.0  1  10.0  0.0  10.0  0.0  0.0  0.0  0.0  0.0  800.0
7  1  60  800.0  600.0  1  10.0  0.0  10.0  0.0  0.0  0.0  0.0  0.0  800.0
7  1  61  800.0  600.0  1  10.0  0.0  10.0  0.0  0.0  0.0  0.0  0.0  800.0
7  1  62  800.0  600.0  1  10.0  0.0  10.0  0.0  0.0  0.0  0.0  0.0  800.0
7  1  63  800.0  600.0  1  10.0  0.0  10.0  0.0  0.0  0.0  0.0  0.0  800.0
7  1  64  800.0  600.0  1  10.0  0.0  10.0  0.0  0.0  0.0  0.0  0.0  800.0
7  1  65  800.0  600.0  1  10.0  0.0  10.0  0.0  0.0  0.0  0.0  0.0  800.0
7  1  66  800.0  600.0  1  10.0  0.0  10.0  0.0  0.0  0.0  0.0  0.0  800.0
7  1  67  800.0  600.0  1  10.0  0.0  10.0  0.0  0.0  0.0  0.0  0.0  800.0
7  1  68  800.0  600.0  1  10.0  0.0  10.0  0.0  0.0  0.0  0.0  0.0  800.0
7  1  69  800.0  600.0  1  10.0  0.0  10.0  0.0  0.0  0.0  0.0  0.0  800.0
7  1  70  800.0  600.0  1  10.0  0.0  10.0  0.0  0.0  0.0  0.0  0.0  800.0
7  1  71  800.0  600.0  1  10.0  0.0  10.0  0.0  0.0  0.0  0.0  0.0  800.0
7  1  72  800.0  600.0  1  10.0  0.0  10.0  0.0  0.0  0.0  0.0  0.0  800.0
7  1  73  800.0  600.0  1  10.0  0.0  10.0  0.0  0.0  0.0  0.0  0.0  800.0
7  1  74  800.0  600.0  1  10.0  0.0  10.0  0.0  0.0  0.0  0.0  0.0  800.0
7  1  75  800.0  600.0  1  10.0  0.0  10.0  0.0  0.0  0.0  0.0  0.0  800.0
7  1  76  800.0  600.0  1  10.0  0.0  10.0  0.0  0.0  0.0  0.0  0.0  800.0
7  1  77  800.0  600.0  1  10.0  0.0  10.0  0.0  0.0  0.0  0.0  0.0  800.0
7  1  78  800.0  600.0  1  10.0  0.0  10.0  0.0  0.0  0.0  0.0  0.0  800.0
7  1  79  800.0  600.0  1  10.0  0.0  10.0  0.0  0.0  0.0  0.0  0.0  800.0
7  1  80  800.0  600.0  1  10.0  0.0  10.0  0.0  0.0  0.0  0.0  0.0  800.0
7  1  81  800.0  600.0  1  10.0  0.0  10.0  0.0  0.0  0.0  0.0  0.0  800.0
7  1  82  800.0  600.0  1  10.0  0.0  10.0  0.0  0.0  0.0  0.0  0.0  800.0
7  1  83  800.0  600.0  1  10.0  0.0  10.0  0.0  0.0  0.0  0.0  0.0  800.0
7  1  84  800.0  600.0  1  10.0  0.0  10.0  0.0  0.0  0.0  0.0  0.0  800.0
7  1  85  800.0  600.0  1  10.0  0.0  10.0  0.0  0.0  0.0  0.0  0.0  800.0
7  1  86  800.0  600.0  1  10.0  0.0  10.0  0.0  0.0  0.0  0.0  0.0  800.0
7  1  87  800.0  600.0  1  10.0  0.0  10.0  0.0  0.0  0.0  0.0  0.0  800.0
7  1  88  800.0  600.0  1  10.0  0.0  10.0  0.0  0.0  0.0  0.0  0.0  800.0
7  1  89  800.0  600.0  1  10.0  0.0  10.0  0.0  0.0  0.0  0.0  0.0  800.0
7  1  90  800.0  600.0  1  10.0  0.0  10.0  0.0  0.0  0.0  0.0  0.0  800.0
7  1  91  800.0  600.0  1  10.0  0.0  10.0  0.0  0.0  0.0  0.0  0.0  800.0
7  1  92  800.0  600.0  1  10.0  0.0  10.0  0.0  0.0  0.0  0.0  0.0  800.0
7  1  93  800.0  600.0  1  10.0  0.0  10.0  0.0  0.0  0.0  0.0  0.0  800.0
7  1  94  800.0  600.0  1  10.0  0.0  10.0  0.0  0.0  0.0  0.0  0.0  800.0
7  1  95  800.0  600.0  1  10.0  0.0  10.0  0.0  0.0  0.0  0.0  0.0  800.0
7  1  96  800.0  600.0  1  10.0  0.0  10.0  0.0  0.0  0.0  0.0  0.0  800.0
7  1  97  800.0  600.0  1  10.0  0.0  10.0  0.0  0.0  0.0  0.0  0.0  800.0
7  1  98  800.0  600.0  1  10.0  0.0  10.0  0.0  0.0  0.0  0.0  0.0  800.0
7  1  99  800.0  600.0  1  10.0  0.0  10.0  0.0  0.0  0.0  0.0  0.0  800.0
7  1  100  800.0  600.0  1  10.0  0.0  10.0  0.0  0.0  0.0  0.0  0.0  800.0
8  1  1  600.0  400.0  -1  10.0  0.0  10.0  0.0  0.0  0.0  0.0  0.0  800.0
8  1  2  600.0  400.0  1  10.0  0.0  10.0  0.0  0.0  0.0  0.0  0.0  800.0
8  1  3  600.0  400.0  1  10.0  0.0  10.0  0.0  0.0  0.0  0.0  0.0  800.0
8  1  4  600.0  400.0  1  10.0  0.0  10.0  0.0  0.0  0.0  0.0  0.0  800.0
8  1  5  600.0  400.0  1  10.0  0.0  10.0  0.0  0.0  0.0  0.0  0.0  800.0
8  1  6  600.0  400.0  1  10.0  0.0  10.0  0.0  0.0  0.0  0.0  0.0  800.0
8  1  7  600.0  400.0  1  10.0  0.0  10.0  0.0  0.0  0.0  0.0  0.0  800.0
8  1  8  600.0  400.0  1  10.0  0.0  10.0  0.0  0.0  0.0  0.0  0.0  800.0
8  1  9  600.0  400.0  1  10.0  0.0  10.0  0.0  0.0  0.0  0.0  0.0  800.0
8  1  10  600.0  400.0  1  10.0  0.0  10.0  0.0  0.0  0.0  0.0  0.0  800.0
8  1  11  600.0  400.0  1  10.0  0.0  10.0  0.0  0.0  0.0  0.0  0.0  800.0
8  1  12  600.0  400.0  1  10.0  0.0  10.0  0.0  0.0  0.0  0.0  0.0  800.0
8  1  13  600.0  400.0  1  10.0  0.0  10.0  0.0  0.0  0.0  0.0  0.0  800.0
8  1  14  600.0  400.0  1  10.0  0.0  10.0  0.0  0.0  0.0  0.0  0.0  800.0
8  1  15  600.0  400.0  1  10.0  0.0  10.0  0.0  0.0  0.0  0.0  0.0  800.0
8  1  16  600.0  400.0  1  10.0  0.0  10.0  0.0  0.0  0.0  0.0  0.0  800.0
8  1  17  600.0  400.0  1  10.0  0.0  10.0  0.0  0.0  0.0  0.0  0.0  800.0
8  1  18  600.0  400.0  1  10.0  0.0  10.0  0.0  0.0  0.0  0.0  0.0  800.0
8  1  19  600.0  400.0  1  10.0  0.0  10.0  0.0  0.0  0.0  0.0  0.0  800.0
8  1  20  600.0  400.0  1  10.0  0.0  10.0  0.0  0.0  0.0  0.0  0.0  800.0
8  1  21  600.0  400.0  1  10.0  0.0  10.0  0.0  0.0  0.0  0.0  0.0  800.0
8  1  22  600.0  400.0  1  10.0  0.0  10.0  0.0  0.0  0.0  0.0  0.0  800.0
8  1  23  600.0  400.0  1  10.0  0.0  10.0  0.0  0.0  0.0  0.0  0.0  800.0
8  1  24  600.0  400.0  1  10.0  0.0  10.0  0.0  0.0  0.0  0.0  0.0  800.0
8  1  25  600.0  400.0  1  10.0  0.0  10.0  0.0  0.0  0.0  0.0  0.0  800.0
8  1  26  600.0  400.0  1  10.0  0.0  10.0  0.0  0.0  0.0  0.0  0.0  800.0
8  1  27  600.0  400.0  1  10.0  0.0  10.0  0.0  0.0  0.0  0.0  0.0  800.0
8  1  28  600.0  400.0  1  10.0  0.0  10.0  0.0  0.0  0.0  0.0  0.0  800.0
8  1  29  600.0  400.0  1  10.0  0.0  10.0  0.0  0.0  0.0  0.0  0.0  800.0
8  1  30  600.0  400.0  1  10.0  0.0  10.0  0.0  0.0  0.0  0.0  0.0  800.0
8  1  31  600.0  400.0  1  10.0  0.0  10.0  0.0  0.0  0.0  0.0  0.0  800.0
8  1  32  600.0  400.0  1  10.0  0.0  10.0  0.0  0.0  0.0  0.0  0.0  800.0
8  1  33  600.0  400.0  1  10.0  0.0  10.0  0.0  0.0  0.0  0.0  0.0  800.0
8  1  34  600.0  400.0  1  10.0  0.0  10.0  0.0  0.0  0.0  0.0  0.0  800.0
8  1  35  600.0  400.0  1  10.0  0.0  10.0  0.0  0.0  0.0  0.0  0.0  800.0
8  1  36  600.0  400.0  1  10.0  0.0  10.0  0.0  0.0  0.0  0.0  0.0  800.0
8  1  37  600.0  400.0  1  10.0  0.0  10.0  0.0  0.0  0.0  0.0  0.0  800.0
8  1  38  600.0  400.0  1  10.0  0.0  10.0  0.0  0.0  0.0  0.0  0.0  800.0
8  1  39  600.0  400.0  1  10.0  0.0  10.0  0.0  0.0  0.0  0.0  0.0  800.0
8  1  40  600.0  400.0  1  10.0  0.0  10.0  0.0  0.0  0.0  0.0  0.0  800.0
8  1  41  600.0  400.0  1  10.0  0.0  10.0  0.0  0.0  0.0  0.0  0.0  800.0
8  1  42  600.0  400.0  1  10.0  0.0  10.0  0.0  0.0  0.0  0.0  0.0  800.0
8  1  43  600.0  400.0  1  10.0  0.0  10.0  0.0  0.0  0.0  0.0  0.0  800.0
8  1  44  600.0  400.0  1  10.0  0.0  10.0  0.0  0.0  0.0  0.0  0.0  800.0
8  1  45  600.0  400.0  1  10.0  0.0  10.0  0.0  0.0  0.0  0.0  0.0  800.0
8  1  46  600.0  400.0  1  10.0  0.0  10.0  0.0  0.0  0.0  0.0  0.0  800.0
8  1  47  600.0  400.0  1  10.0  0.0  10.0  0.0  0.0  0.0  0.0  0.0  800.0
8  1  48  600.0  400.0  1  10.0  0.0  10.0  0.0  0.0  0.0  0.0  0.0  800.0
8  1  49  600.0  400.0  1  10.0  0.0  10.0  0.0  0.0  0.0  0.0  0.0  800.0
8  1  50  600.0  400.0  1  10.0  0.0  10.0  0.0  0.0  0.0  0.0  0.0  800.0
8  1  51  600.0  400.0  1  10.0  0.0  10.0  0.0  0.0  0.0  0.0  0.0  800.0
8  1  52  600.0  400.0  1  10.0  0.0  10.0  0.0  0.0  0.0  0.0  0.0  800.0
8  1  53  600.0  400.0  1  10.0  0.0  10.0  0.0  0.0  0.0  0.0  0.0  800.0
8  1  54  600.0  400.0  1  10.0  0.0  10.0  0.0  0.0  0.0  0.0  0.0  800.0
8  1  55  600.0  400.0  1  10.0  0.0  10.0  0.0  0.0  0.0  0.0  0.0  800.0
8  1  56  600.0  400.0  1  10.0  0.0  10.0  0.0  0.0  0.0  0.0  0.0  800.0
8  1  57  600.0  400.0  1  10.0  0.0  10.0  0.0  0.0  0.0  0.0  0.0  800.0
8  1  58  600.0  400.0  1  10.0  0.0  10.0  0.0  0.0  0.0  0.0  0.0  800.0
8  1  59  600.0  400.0  1  10.0  0.0  10.0  0.0  0.0  0.0  0.0  0.0  800.0
8  1  60  600.0  400.0  1  10.0  0.0  10.0  0.0  0.0  0.0  0.0  0.0  800.0
8  1  61  600.0  400.0  1  10.0  0.0  10.0  0.0  0.0  0.0  0.0  0.0  800.0
8  1  62  600.0  400.0  1  10.0  0.0  10.0  0.0  0.0  0.0  0.0  0.0  800.0
8  1  63  600.0  400.0  1  10.0  0.0  10.0  0.0  0.0  0.0  0.0  0.0  800.0
8  1  64  600.0  400.0  1  10.0  0.0  10.0  0.0  0.0  0.0  0.0  0.0  800.0
8  1  65  600.0  400.0  1  10.0  0.0  10.0  0.0  0.0  0.0  0.0  0.0  800.0
8  1  66  600.0  400.0  1  10.0  0.0  10.0  0.0  0.0  0.0  0.0  0.0  800.0
8  1  67  600.0  400.0  1  10.0  0.0  10.0  0.0  0.0  0.0  0.0  0.0  800.0
8  1  68  600.0  400.0  1  10.0  0.0  10.0  0.0  0.0  0.0  0.0  0.0  800.0
8  1  69  600.0  400.0  1  10.0  0.0  10.0  0.0  0.0  0.0  0.0  0.0  800.0
8  1  70  600.0  400.0  1  10.0  0.0  10.0  0.0  0.0  0.0  0.0  0.0  800.0
8  1  71  600.0  400.0  1  10.0  0.0  10.0  0.0  0.0  0.0  0.0  0.0  800.0
8  1  72  600.0  400.0  1  10.0  0.0  10.0  0.0  0.0  0.0  0.0  0.0  800.0
8  1  73  600.0  400.0  1  10.0  0.0  10.0  0.0  0.0  0.0  0.0  0.0  800.0
8  1  74  600.0  400.0  1  10.0  0.0  10.0  0.0  0.0  0.0  0.0  0.0  800.0
8  1  75  600.0  400.0  1  10.0  0.0  10.0  0.0  0.0  0.0  0.0  0.0  800.0
8  1  76  600.0  400.0  1  10.0  0.0  10.0  0.0  0.0  0.0  0.0  0.0  800.0
8  1  77  600.0  400.0  1  10.0  0.0  10.0  0.0  0.0  0.0  0.0  0.0  800.0
8  1  78  600.0  400.0  1  10.0  0.0  10.0  0.0  0.0  0.0  0.0  0.0  800.0
8  1  79  600.0  400.0  1  10.0  0.0  10.0  0.0  0.0  0.0  0.0  0.0  800.0
8  1  80  600.0  400.0  1  10.0  0.0  10.0  0.0  0.0  0.0  0.0  0.0  800.0
8  1  81  600.0  400.0  1  10.0  0.0  10.0  0.0  0.0  0.0  0.0  0.0  800.0
8  1  82  600.0  400.0  1  10.0  0.0  10.0  0.0  0.0  0.0  0.0  0.0  800.0
8  1  83  600.0  400.0  1  10.0  0.0  10.0  0.0  0.0  0.0  0.0  0.0  800.0
8  1  84  600.0  400.0  1  10.0  0.0  10.0  0.0  0.0  0.0  0.0  0.0  800.0
8  1  85  600.0  400.0  1  10.0  0.0  10.0  0.0  0.0  0.0  0.0  0.0  800.0
8  1  86  600.0  400.0  1  10.0  0.0  10.0  0.0  0.0  0.0  0.0  0.0  800.0
8  1  87  600.0  400.0  1  10.0  0.0  10.0  0.0  0.0  0.0  0.0  0.0  800.0
8  1  88  600.0  400.0  1  10.0  0.0  10.0  0.0  0.0  0.0  0.0  0.0  800.0
8  1  89  600.0  400.0  1  10.0  0.0  10.0  0.0  0.0  0.0  0.0  0.0  800.0
8  1  90  600.0  400.0  1  10.0  0.0  10.0  0.0  0.0  0.0  0.0  0.0  800.0
8  1  91  600.0  400.0  1  10.0  0.0  10.0  0.0  0.0  0.0  0.0  0.0  800.0
8  1  92  600.0  400.0  1  10.0  0.0  10.0  0.0  0.0  0.0  0.0  0.0  800.0
8  1  93  600.0  400.0  1  10.0  0.0  10.0  0.0  0.0  0.0  0.0  0.0  800.0
8  1  94  600.0  400.0  1  10.0  0.0  10.0  0.0  0.0  0.0  0.0  0.0  800.0
8  1  95  600.0  400.0  1  10.0  0.0  10.0  0.0  0.0  0.0  0.0  0.0  800.0
8  1  96  600.0  400.0  1  10.0  0.0  10.0  0.0  0.0  0.0  0.0  0.0  800.0
8  1  97  600.0  400.0  1  10.0  0.0  10.0  0.0  0.0  0.0  0.0  0.0  800.0
8  1  98  600.0  400.0  1  10.0  0.0  10.0  0.0  0.0  0.0  0.0  0.0  800.0
8  1  99  600.0  400.0  1  10.0  0.0  10.0  0.0  0.0  0.0  0.0  0.0  800.0
8  1  100  600.0  400.0  1  10.0  0.0  10.0  0.0  0.0  0.0  0.0  0.0  800.0
9  1  1  400.0  200.0  -1  10.0  0.0  10.0  0.0  0.0  0.0  0.0  0.0  800.0
9  1  2  400.0  200.0  1  10.0  0.0  10.0  0.0  0.0  0.0  0.0  0.0  800.0
9  1  3  400.0  200.0  1  10.0  0.0  10.0  0.0  0.0  0.0  0.0  0.0  800.0
9  1  4  400.0  200.0  1  10.0  0.0  10.0  0.0  0.0  0.0  0.0  0.0  800.0
9  1  5  400.0  200.0  1  10.0  0.0  10.0  0.0  0.0  0.0  0.0  0.0  800.0
9  1  6  400.0  200.0  1  10.0  0.0  10.0  0.0  0.0  0.0  0.0  0.0  800.0
9  1  7  400.0  200.0  1  10.0  0.0  10.0  0.0  0.0  0.0  0.0  0.0  800.0
9  1  8  400.0  200.0  1  10.0  0.0  10.0  0.0  0.0  0.0  0.0  0.0  800.0
9  1  9  400.0  200.0  1  10.0  0.0  10.0  0.0  0.0  0.0  0.0  0.0  800.0
9  1  10  400.0  200.0  1  10.0  0.0  10.0  0.0  0.0  0.0  0.0  0.0  800.0
9  1  11  400.0  200.0  1  10.0  0.0  10.0  0.0  0.0  0.0  0.0  0.0  800.0
9  1  12  400.0  200.0  1  10.0  0.0  10.0  0.0  0.0  0.0  0.0  0.0  800.0
9  1  13  400.0  200.0  1  10.0  0.0  10.0  0.0  0.0  0.0  0.0  0.0  800.0
9  1  14  400.0  200.0  1  10.0  0.0  10.0  0.0  0.0  0.0  0.0  0.0  800.0
9  1  15  400.0  200.0  1  10.0  0.0  10.0  0.0  0.0  0.0  0.0  0.0  800.0
9  1  16  400.0  200.0  1  10.0  0.0  10.0  0.0  0.0  0.0  0.0  0.0  800.0
9  1  17  400.0  200.0  1  10.0  0.0  10.0  0.0  0.0  0.0  0.0  0.0  800.0
9  1  18  400.0  200.0  1  10.0  0.0  10.0  0.0  0.0  0.0  0.0  0.0  800.0
9  1  19  400.0  200.0  1  10.0  0.0  10.0  0.0  0.0  0.0  0.0  0.0  800.0
9  1  20  400.0  200.0  1  10.0  0.0  10.0  0.0  0.0  0.0  0.0  0.0  800.0
9  1  21  400.0  200.0  1  10.0  0.0  10.0  0.0  0.0  0.0  0.0  0.0  800.0
9  1  22  400.0  200.0  1  10.0  0.0  10.0  0.0  0.0  0.0  0.0  0.0  800.0
9  1  23  400.0  200.0  1  10.0  0.0  10.0  0.0  0.0  0.0  0.0  0.0  800.0
9  1  24  400.0  200.0  1  10.0  0.0  10.0  0.0  0.0  0.0  0.0  0.0  800.0
9  1  25  400.0  200.0  1  10.0  0.0  10.0  0.0  0.0  0.0  0.0  0.0  800.0
9  1  26  400.0  200.0  1  10.0  0.0  10.0  0.0  0.0  0.0  0.0  0.0  800.0
9  1  27  400.0  200.0  1  10.0  0.0  10.0  0.0  0.0  0.0  0.0  0.0  800.0
9  1  28  400.0  200.0  1  10.0  0.0  10.0  0.0  0.0  0.0  0.0  0.0  800.0
9  1  29  400.0  200.0  1  10.0  0.0  10.0  0.0  0.0  0.0  0.0  0.0  800.0
9  1  30  400.0  200.0  1  10.0  0.0  10.0  0.0  0.0  0.0  0.0  0.0  800.0
9  1  31  400.0  200.0  1  10.0  0.0  10.0  0.0  0.0  0.0  0.0  0.0  800.0
9  1  32  400.0  200.0  1  10.0  0.0  10.0  0.0  0.0  0.0  0.0  0.0  800.0
9  1  33  400.0  200.0  1  10.0  0.0  10.0  0.0  0.0  0.0  0.0  0.0  800.0
9  1  34  400.0  200.0  1  10.0  0.0  10.0  0.0  0.0  0.0  0.0  0.0  800.0
9  1  35  400.0  200.0  1  10.0  0.0  10.0  0.0  0.0  0.0  0.0  0.0  800.0
9  1  36  400.0  200.0  1  10.0  0.0  10.0  0.0  0.0  0.0  0.0  0.0  800.0
9  1  37  400.0  200.0  1  10.0  0.0  10.0  0.0  0.0  0.0  0.0  0.0  800.0
9  1  38  400.0  200.0  1  10.0  0.0  10.0  0.0  0.0  0.0  0.0  0.0  800.0
9  1  39  400.0  200.0  1  10.0  0.0  10.0  0.0  0.0  0.0  0.0  0.0  800.0
9  1  40  400.0  200.0  1  10.0  0.0  10.0  0.0  0.0  0.0  0.0  0.0  800.0
9  1  41  400.0  200.0  1  10.0  0.0  10.0  0.0  0.0  0.0  0.0  0.0  800.0
9  1  42  400.0  200.0  1  10.0  0.0  10.0  0.0  0.0  0.0  0.0  0.0  800.0
9  1  43  400.0  200.0  1  10.0  0.0  10.0  0.0  0.0  0.0  0.0  0.0  800.0
9  1  44  400.0  200.0  1  10.0  0.0  10.0  0.0  0.0  0.0  0.0  0.0  800.0
9  1  45  400.0  200.0  1  10.0  0.0  10.0  0.0  0.0  0.0  0.0  0.0  800.0
9  1  46  400.0  200.0  1  10.0  0.0  10.0  0.0  0.0  0.0  0.0  0.0  800.0
9  1  47  400.0  200.0  1  10.0  0.0  10.0  0.0  0.0  0.0  0.0  0.0  800.0
9  1  48  400.0  200.0  1  10.0  0.0  10.0  0.0  0.0  0.0  0.0  0.0  800.0
9  1  49  400.0  200.0  1  10.0  0.0  10.0  0.0  0.0  0.0  0.0  0.0  800.0
9  1  50  400.0  200.0  1  10.0  0.0  10.0  0.0  0.0  0.0  0.0  0.0  800.0
9  1  51  400.0  200.0  1  10.0  0.0  10.0  0.0  0.0  0.0  0.0  0.0  800.0
9  1  52  400.0  200.0  1  10.0  0.0  10.0  0.0  0.0  0.0  0.0  0.0  800.0
9  1  53  400.0  200.0  1  10.0  0.0  10.0  0.0  0.0  0.0  0.0  0.0  800.0
9  1  54  400.0  200.0  1  10.0  0.0  10.0  0.0  0.0  0.0  0.0  0.0  800.0
9  1  55  400.0  200.0  1  10.0  0.0  10.0  0.0  0.0  0.0  0.0  0.0  800.0
9  1  56  400.0  200.0  1  10.0  0.0  10.0  0.0  0.0  0.0  0.0  0.0  800.0
9  1  57  400.0  200.0  1  10.0  0.0  10.0  0.0  0.0  0.0  0.0  0.0  800.0
9  1  58  400.0  200.0  1  10.0  0.0  10.0  0.0  0.0  0.0  0.0  0.0  800.0
9  1  59  400.0  200.0  1  10.0  0.0  10.0  0.0  0.0  0.0  0.0  0.0  800.0
9  1  60  400.0  200.0  1  10.0  0.0  10.0  0.0  0.0  0.0  0.0  0.0  800.0
9  1  61  400.0  200.0  1  10.0  0.0  10.0  0.0  0.0  0.0  0.0  0.0  800.0
9  1  62  400.0  200.0  1  10.0  0.0  10.0  0.0  0.0  0.0  0.0  0.0  800.0
9  1  63  400.0  200.0  1  10.0  0.0  10.0  0.0  0.0  0.0  0.0  0.0  800.0
9  1  64  400.0  200.0  1  10.0  0.0  10.0  0.0  0.0  0.0  0.0  0.0  800.0
9  1  65  400.0  200.0  1  10.0  0.0  10.0  0.0  0.0  0.0  0.0  0.0  800.0
9  1  66  400.0  200.0  1  10.0  0.0  10.0  0.0  0.0  0.0  0.0  0.0  800.0
9  1  67  400.0  200.0  1  10.0  0.0  10.0  0.0  0.0  0.0  0.0  0.0  800.0
9  1  68  400.0  200.0  1  10.0  0.0  10.0  0.0  0.0  0.0  0.0  0.0  800.0
9  1  69  400.0  200.0  1  10.0  0.0  10.0  0.0  0.0  0.0  0.0  0.0  800.0
9  1  70  400.0  200.0  1  10.0  0.0  10.0  0.0  0.0  0.0  0.0  0.0  800.0
9  1  71  400.0  200.0  1  10.0  0.0  10.0  0.0  0.0  0.0  0.0  0.0  800.0
9  1  72  400.0  200.0  1  10.0  0.0  10.0  0.0  0.0  0.0  0.0  0.0  800.0
9  1  73  400.0  200.0  1  10.0  0.0  10.0  0.0  0.0  0.0  0.0  0.0  800.0
9  1  74  400.0  200.0  1  10.0  0.0  10.0  0.0  0.0  0.0  0.0  0.0  800.0
9  1  75  400.0  200.0  1  10.0  0.0  10.0  0.0  0.0  0.0  0.0  0.0  800.0
9  1  76  400.0  200.0  1  10.0  0.0  10.0  0.0  0.0  0.0  0.0  0.0  800.0
9  1  77  400.0  200.0  1  10.0  0.0  10.0  0.0  0.0  0.0  0.0  0.0  800.0
9  1  78  400.0  200.0  1  10.0  0.0  10.0  0.0  0.0  0.0  0.0  0.0  800.0
9  1  79  400.0  200.0  1  10.0  0.0  10.0  0.0  0.0  0.0  0.0  0.0  800.0
9  1  80  400.0  200.0  1  10.0  0.0  10.0  0.0  0.0  0.0  0.0  0.0  800.0
9  1  81  400.0  200.0  1  10.0  0.0  10.0  0.0  0.0  0.0  0.0  0.0  800.0
9  1  82  400.0  200.0  1  10.0  0.0  10.0  0.0  0.0  0.0  0.0  0.0  800.0
9  1  83  400.0  200.0  1  10.0  0.0  10.0  0.0  0.0  0.0  0.0  0.0  800.0
9  1  84  400.0  200.0  1  10.0  0.0  10.0  0.0  0.0  0.0  0.0  0.0  800.0
9  1  85  400.0  200.0  1  10.0  0.0  10.0  0.0  0.0  0.0  0.0  0.0  800.0
9  1  86  400.0  200.0  1  10.0  0.0  10.0  0.0  0.0  0.0  0.0  0.0  800.0
9  1  87  400.0  200.0  1  10.0  0.0  10.0  0.0  0.0  0.0  0.0  0.0  800.0
9  1  88  400.0  200.0  1  10.0  0.0  10.0  0.0  0.0  0.0  0.0  0.0  800.0
9  1  89  400.0  200.0  1  10.0  0.0  10.0  0.0  0.0  0.0  0.0  0.0  800.0
9  1  90  400.0  200.0  1  10.0  0.0  10.0  0.0  0.0  0.0  0.0  0.0  800.0
9  1  91  400.0  200.0  1  10.0  0.0  10.0  0.0  0.0  0.0  0.0  0.0  800.0
9  1  92  400.0  200.0  1  10.0  0.0  10.0  0.0  0.0  0.0  0.0  0.0  800.0
9  1  93  400.0  200.0  1  10.0  0.0  10.0  0.0  0.0  0.0  0.0  0.0  800.0
9  1  94  400.0  200.0  1  10.0  0.0  10.0  0.0  0.0  0.0  0.0  0.0  800.0
9  1  95  400.0  200.0  1  10.0  0.0  10.0  0.0  0.0  0.0  0.0  0.0  800.0
9  1  96  400.0  200.0  1  10.0  0.0  10.0  0.0  0.0  0.0  0.0  0.0  800.0
9  1  97  400.0  200.0  1  10.0  0.0  10.0  0.0  0.0  0.0  0.0  0.0  800.0
9  1  98  400.0  200.0  1  10.0  0.0  10.0  0.0  0.0  0.0  0.0  0.0  800.0
9  1  99  400.0  200.0  1  10.0  0.0  10.0  0.0  0.0  0.0  0.0  0.0  800.0
9  1  100  400.0  200.0  1  10.0  0.0  10.0  0.0  0.0  0.0  0.0  0.0  800.0
10  1  1  200.0  0.0  -1  10.0  0.0  10.0  0.0  0.0  0.0  0.0  0.0  800.0
10  1  2  200.0  0.0  1  10.0  0.0  10.0  0.0  0.0  0.0  0.0  0.0  800.0
10  1  3  200.0  0.0  1  10.0  0.0  10.0  0.0  0.0  0.0  0.0  0.0  800.0
10  1  4  200.0  0.0  1  10.0  0.0  10.0  0.0  0.0  0.0  0.0  0.0  800.0
10  1  5  200.0  0.0  1  10.0  0.0  10.0  0.0  0.0  0.0  0.0  0.0  800.0
10  1  6  200.0  0.0  1  10.0  0.0  10.0  0.0  0.0  0.0  0.0  0.0  800.0
10  1  7  200.0  0.0  1  10.0  0.0  10.0  0.0  0.0  0.0  0.0  0.0  800.0
10  1  8  200.0  0.0  1  10.0  0.0  10.0  0.0  0.0  0.0  0.0  0.0  800.0
10  1  9  200.0  0.0  1  10.0  0.0  10.0  0.0  0.0  0.0  0.0  0.0  800.0
10  1  10  200.0  0.0  1  10.0  0.0  10.0  0.0  0.0  0.0  0.0  0.0  800.0
10  1  11  200.0  0.0  1  10.0  0.0  10.0  0.0  0.0  0.0  0.0  0.0  800.0
10  1  12  200.0  0.0  1  10.0  0.0  10.0  0.0  0.0  0.0  0.0  0.0  800.0
10  1  13  200.0  0.0  1  10.0  0.0  10.0  0.0  0.0  0.0  0.0  0.0  800.0
10  1  14  200.0  0.0  1  10.0  0.0  10.0  0.0  0.0  0.0  0.0  0.0  800.0
10  1  15  200.0  0.0  1  10.0  0.0  10.0  0.0  0.0  0.0  0.0  0.0  800.0
10  1  16  200.0  0.0  1  10.0  0.0  10.0  0.0  0.0  0.0  0.0  0.0  800.0
10  1  17  200.0  0.0  1  10.0  0.0  10.0  0.0  0.0  0.0  0.0  0.0  800.0
10  1  18  200.0  0.0  1  10.0  0.0  10.0  0.0  0.0  0.0  0.0  0.0  800.0
10  1  19  200.0  0.0  1  10.0  0.0  10.0  0.0  0.0  0.0  0.0  0.0  800.0
10  1  20  200.0  0.0  1  10.0  0.0  10.0  0.0  0.0  0.0  0.0  0.0  800.0
10  1  21  200.0  0.0  1  10.0  0.0  10.0  0.0  0.0  0.0  0.0  0.0  800.0
10  1  22  200.0  0.0  1  10.0  0.0  10.0  0.0  0.0  0.0  0.0  0.0  800.0
10  1  23  200.0  0.0  1  10.0  0.0  10.0  0.0  0.0  0.0  0.0  0.0  800.0
10  1  24  200.0  0.0  1  10.0  0.0  10.0  0.0  0.0  0.0  0.0  0.0  800.0
10  1  25  200.0  0.0  1  10.0  0.0  10.0  0.0  0.0  0.0  0.0  0.0  800.0
10  1  26  200.0  0.0  1  10.0  0.0  10.0  0.0  0.0  0.0  0.0  0.0  800.0
10  1  27  200.0  0.0  1  10.0  0.0  10.0  0.0  0.0  0.0  0.0  0.0  800.0
10  1  28  200.0  0.0  1  10.0  0.0  10.0  0.0  0.0  0.0  0.0  0.0  800.0
10  1  29  200.0  0.0  1  10.0  0.0  10.0  0.0  0.0  0.0  0.0  0.0  800.0
10  1  30  200.0  0.0  1  10.0  0.0  10.0  0.0  0.0  0.0  0.0  0.0  800.0
10  1  31  200.0  0.0  1  10.0  0.0  10.0  0.0  0.0  0.0  0.0  0.0  800.0
10  1  32  200.0  0.0  1  10.0  0.0  10.0  0.0  0.0  0.0  0.0  0.0  800.0
10  1  33  200.0  0.0  1  10.0  0.0  10.0  0.0  0.0  0.0  0.0  0.0  800.0
10  1  34  200.0  0.0  1  10.0  0.0  10.0  0.0  0.0  0.0  0.0  0.0  800.0
10  1  35  200.0  0.0  1  10.0  0.0  10.0  0.0  0.0  0.0  0.0  0.0  800.0
10  1  36  200.0  0.0  1  10.0  0.0  10.0  0.0  0.0  0.0  0.0  0.0  800.0
10  1  37  200.0  0.0  1  10.0  0.0  10.0  0.0  0.0  0.0  0.0  0.0  800.0
10  1  38  200.0  0.0  1  10.0  0.0  10.0  0.0  0.0  0.0  0.0  0.0  800.0
10  1  39  200.0  0.0  1  10.0  0.0  10.0  0.0  0.0  0.0  0.0  0.0  800.0
10  1  40  200.0  0.0  1  10.0  0.0  10.0  0.0  0.0  0.0  0.0  0.0  800.0
10  1  41  200.0  0.0  1  10.0  0.0  10.0  0.0  0.0  0.0  0.0  0.0  800.0
10  1  42  200.0  0.0  1  10.0  0.0  10.0  0.0  0.0  0.0  0.0  0.0  800.0
10  1  43  200.0  0.0  1  10.0  0.0  10.0  0.0  0.0  0.0  0.0  0.0  800.0
10  1  44  200.0  0.0  1  10.0  0.0  10.0  0.0  0.0  0.0  0.0  0.0  800.0
10  1  45  200.0  0.0  1  10.0  0.0  10.0  0.0  0.0  0.0  0.0  0.0  800.0
10  1  46  200.0  0.0  1  10.0  0.0  10.0  0.0  0.0  0.0  0.0  0.0  800.0
10  1  47  200.0  0.0  1  10.0  0.0  10.0  0.0  0.0  0.0  0.0  0.0  800.0
10  1  48  200.0  0.0  1  10.0  0.0  10.0  0.0  0.0  0.0  0.0  0.0  800.0
10  1  49  200.0  0.0  1  10.0  0.0  10.0  0.0  0.0  0.0  0.0  0.0  800.0
10  1  50  200.0  0.0  1  10.0  0.0  10.0  0.0  0.0  0.0  0.0  0.0  800.0
10  1  51  200.0  0.0  1  10.0  0.0  10.0  0.0  0.0  0.0  0.0  0.0  800.0
10  1  52  200.0  0.0  1  10.0  0.0  10.0  0.0  0.0  0.0  0.0  0.0  800.0
10  1  53  200.0  0.0  1  10.0  0.0  10.0  0.0  0.0  0.0  0.0  0.0  800.0
10  1  54  200.0  0.0  1  10.0  0.0  10.0  0.0  0.0  0.0  0.0  0.0  800.0
10  1  55  200.0  0.0  1  10.0  0.0  10.0  0.0  0.0  0.0  0.0  0.0  800.0
10  1  56  200.0  0.0  1  10.0  0.0  10.0  0.0  0.0  0.0  0.0  0.0  800.0
10  1  57  200.0  0.0  1  10.0  0.0  10.0  0.0  0.0  0.0  0.0  0.0  800.0
10  1  58  200.0  0.0  1  10.0  0.0  10.0  0.0  0.0  0.0  0.0  0.0  800.0
10  1  59  200.0  0.0  1  10.0  0.0  10.0  0.0  0.0  0.0  0.0  0.0  800.0
10  1  60  200.0  0.0  1  10.0  0.0  10.0  0.0  0.0  0.0  0.0  0.0  800.0
10  1  61  200.0  0.0  1  10.0  0.0  10.0  0.0  0.0  0.0  0.0  0.0  800.0
10  1  62  200.0  0.0  1  10.0  0.0  10.0  0.0  0.0  0.0  0.0  0.0  800.0
10  1  63  200.0  0.0  1  10.0  0.0  10.0  0.0  0.0  0.0  0.0  0.0  800.0
10  1  64  200.0  0.0  1  10.0  0.0  10.0  0.0  0.0  0.0  0.0  0.0  800.0
10  1  65  200.0  0.0  1  10.0  0.0  10.0  0.0  0.0  0.0  0.0  0.0  800.0
10  1  66  200.0  0.0  1  10.0  0.0  10.0  0.0  0.0  0.0  0.0  0.0  800.0
10  1  67  200.0  0.0  1  10.0  0.0  10.0  0.0  0.0  0.0  0.0  0.0  800.0
10  1  68  200.0  0.0  1  10.0  0.0  10.0  0.0  0.0  0.0  0.0  0.0  800.0
10  1  69  200.0  0.0  1  10.0  0.0  10.0  0.0  0.0  0.0  0.0  0.0  800.0
10  1  70  200.0  0.0  1  10.0  0.0  10.0  0.0  0.0  0.0  0.0  0.0  800.0
10  1  71  200.0  0.0  1  10.0  0.0  10.0  0.0  0.0  0.0  0.0  0.0  800.0
10  1  72  200.0  0.0  1  10.0  0.0  10.0  0.0  0.0  0.0  0.0  0.0  800.0
10  1  73  200.0  0.0  1  10.0  0.0  10.0  0.0  0.0  0.0  0.0  0.0  800.0
10  1  74  200.0  0.0  1  10.0  0.0  10.0  0.0  0.0  0.0  0.0  0.0  800.0
10  1  75  200.0  0.0  1  10.0  0.0  10.0  0.0  0.0  0.0  0.0  0.0  800.0
10  1  76  200.0  0.0  1  10.0  0.0  10.0  0.0  0.0  0.0  0.0  0.0  800.0
10  1  77  200.0  0.0  1  10.0  0.0  10.0  0.0  0.0  0.0  0.0  0.0  800.0
10  1  78  200.0  0.0  1  10.0  0.0  10.0  0.0  0.0  0.0  0.0  0.0  800.0
10  1  79  200.0  0.0  1  10.0  0.0  10.0  0.0  0.0  0.0  0.0  0.0  800.0
10  1  80  200.0  0.0  1  10.0  0.0  10.0  0.0  0.0  0.0  0.0  0.0  800.0
10  1  81  200.0  0.0  1  10.0  0.0  10.0  0.0  0.0  0.0  0.0  0.0  800.0
10  1  82  200.0  0.0  1  10.0  0.0  10.0  0.0  0.0  0.0  0.0  0.0  800.0
10  1  83  200.0  0.0  1  10.0  0.0  10.0  0.0  0.0  0.0  0.0  0.0  800.0
10  1  84  200.0  0.0  1  10.0  0.0  10.0  0.0  0.0  0.0  0.0  0.0  800.0
10  1  85  200.0  0.0  1  10.0  0.0  10.0  0.0  0.0  0.0  0.0  0.0  800.0
10  1  86  200.0  0.0  1  10.0  0.0  10.0  0.0  0.0  0.0  0.0  0.0  800.0
10  1  87  200.0  0.0  1  10.0  0.0  10.0  0.0  0.0  0.0  0.0  0.0  800.0
10  1  88  200.0  0.0  1  10.0  0.0  10.0  0.0  0.0  0.0  0.0  0.0  800.0
10  1  89  200.0  0.0  1  10.0  0.0  10.0  0.0  0.0  0.0  0.0  0.0  800.0
10  1  90  200.0  0.0  1  10.0  0.0  10.0  0.0  0.0  0.0  0.0  0.0  800.0
10  1  91  200.0  0.0  1  10.0  0.0  10.0  0.0  0.0  0.0  0.0  0.0  800.0
10  1  92  200.0  0.0  1  10.0  0.0  10.0  0.0  0.0  0.0  0.0  0.0  800.0
10  1  93  200.0  0.0  1  10.0  0.0  10.0  0.0  0.0  0.0  0.0  0.0  800.0
10  1  94  200.0  0.0  1  10.0  0.0  10.0  0.0  0.0  0.0  0.0  0.0  800.0
10  1  95  200.0  0.0  1  10.0  0.0  10.0  0.0  0.0  0.0  0.0  0.0  800.0
10  1  96  200.0  0.0  1  10.0  0.0  10.0  0.0  0.0  0.0  0.0  0.0  800.0
10  1  97  200.0  0.0  1  10.0  0.0  10.0  0.0  0.0  0.0  0.0  0.0  800.0
10  1  98  200.0  0.0  1  10.0  0.0  10.0  0.0  0.0  0.0  0.0  0.0  800.0
10  1  99  200.0  0.0  1  10.0  0.0  10.0  0.0  0.0  0.0  0.0  0.0  800.0
10  1  100  200.0  0.0  -1  10.0  0.0  10.0  0.0  0.0  0.0  0.0  0.0  100.0
