ILYR  IROW  ICOL  IBOUND  CELLTOP  CELLBOT  TRANSM  HK  VCONT  SC1  SC2  WETDRY  SHEAD
1  1  1  -1  50  0  0.0  1  0.0  0.0  0.0  0.0  10.0
1  1  2  1  50  0  0.0  1  0.0  0.0  0.0  0.0  50.0
1  1  3  1  50  0  0.0  1  0.0  0.0  0.0  0.0  50.0
1  1  4  1  50  0  0.0  1  0.0  0.0  0.0  0.0  50.0
1  1  5  1  50  0  0.0  1  0.0  0.0  0.0  0.0  50.0
1  1  6  1  50  0  0.0  1  0.0  0.0  0.0  0.0  50.0
1  1  7  1  50  0  0.0  1  0.0  0.0  0.0  0.0  50.0
1  1  8  1  50  0  0.0  1  0.0  0.0  0.0  0.0  50.0
1  1  9  1  50  0  0.0  1  0.0  0.0  0.0  0.0  50.0
1  1  10  1  50  0  0.0  1  0.0  0.0  0.0  0.0  50.0
1  1  11  1  50  0  0.0  1  0.0  0.0  0.0  0.0  50.0
1  1  12  1  50  0  0.0  1  0.0  0.0  0.0  0.0  50.0
1  1  13  1  50  0  0.0  1  0.0  0.0  0.0  0.0  50.0
1  1  14  1  50  0  0.0  1  0.0  0.0  0.0  0.0  50.0
1  1  15  1  50  0  0.0  1  0.0  0.0  0.0  0.0  50.0
1  1  16  1  50  0  0.0  1  0.0  0.0  0.0  0.0  50.0
1  1  17  1  50  0  0.0  1  0.0  0.0  0.0  0.0  50.0
1  1  18  1  50  0  0.0  1  0.0  0.0  0.0  0.0  50.0
1  1  19  1  50  0  0.0  1  0.0  0.0  0.0  0.0  50.0
1  1  20  -1  50  0  0.0  1  0.0  0.0  0.0  0.0  50.0
