RESID  CELLID  ILYR  IROW  ICOL  BTM  BVK  BTK
1  1  1  4  9  10  1  2
1  2  1  3  5  6  1  2
1  3  1  6  5  6  1  2
1  4  1  6  4  6  1  2
1  5  1  5  10  10  1  2
1  6  1  5  9  10  1  2
1  7  1  5  8  9  1  2
1  8  1  5  7  8  1  2
1  9  1  5  6  7  1  2
1  10  1  5  5  6  1  2
1  11  1  6  7  8  1  2
1  12  1  4  10  10  1  2
1  13  1  6  8  9  1  2
1  14  1  4  8  9  1  2
1  15  1  4  7  8  1  2
1  16  1  4  6  7  1  2
1  17  1  4  5  6  1  2
1  18  1  4  4  6  1  2
1  19  1  3  10  10  1  2
1  20  1  3  9  10  1  2
1  21  1  3  8  9  1  2
1  22  1  3  7  8  1  2
1  23  1  3  6  7  1  2
1  24  1  5  4  6  1  2
1  25  1  8  4  6  1  2
1  26  1  9  9  10  1  2
1  27  1  9  8  9  1  2
1  28  1  9  7  8  1  2
1  29  1  9  6  7  1  2
1  30  1  9  5  6  1  2
1  31  1  8  10  10  1  2
1  32  1  8  9  10  1  2
1  33  1  8  8  9  1  2
1  34  1  8  7  8  1  2
1  35  1  6  6  7  1  2
1  36  1  8  5  6  1  2
1  37  1  9  10  10  1  2
1  38  1  7  10  10  1  2
1  39  1  7  9  10  1  2
1  40  1  7  8  9  1  2
1  41  1  7  7  8  1  2
1  42  1  7  6  7  1  2
1  43  1  7  5  6  1  2
1  44  1  7  4  6  1  2
1  45  1  6  11  21  1  2
1  46  1  6  10  10  1  2
1  47  1  6  9  10  1  2
1  48  1  8  6  7  1  2
