ILYR  IROW  ICOL  IBOUND  CELLTOP  CELLBOT  TRANSM  HK  VCONT  SC1  SC2  WETDRY  SHEAD
1  1  1  1  0  -100  0  20  3E-06  0.1  0  0  22.65868352
1  1  2  1  0  -100  0  20  3E-06  0.1  0  0  22.31439192
1  1  3  1  0  -100  0  20  3E-06  0.1  0  0  21.65906145
1  1  4  1  0  -100  0  20  3E-06  0.1  0  0  21.24565802
1  1  5  1  0  -100  0  20  3E-06  0.1  0  0  21.04512294
1  1  6  1  0  -100  0  20  3E-06  0.1  0  0  21.04512328
1  1  7  1  0  -100  0  20  3E-06  0.1  0  0  21.24565899
1  1  8  1  0  -100  0  20  3E-06  0.1  0  0  21.65906292
1  1  9  1  0  -100  0  20  3E-06  0.1  0  0  22.31439364
1  1  10  1  0  -100  0  20  3E-06  0.1  0  0  22.65868515
1  2  1  1  0  -100  0  20  3E-06  0.1  0  0  21.62188393
1  2  2  1  0  -100  0  20  3E-06  0.1  0  0  21.12738822
1  2  3  1  0  -100  0  20  3E-06  0.1  0  0  20.7108395
1  2  4  1  0  -100  0  20  3E-06  0.1  0  0  20.41885911
1  2  5  1  0  -100  0  20  3E-06  0.1  0  0  20.26979814
1  2  6  1  0  -100  0  20  3E-06  0.1  0  0  20.26979842
1  2  7  1  0  -100  0  20  3E-06  0.1  0  0  20.4188599
1  2  8  1  0  -100  0  20  3E-06  0.1  0  0  20.71084072
1  2  9  1  0  -100  0  20  3E-06  0.1  0  0  21.12738978
1  2  10  1  0  -100  0  20  3E-06  0.1  0  0  21.62188574
1  3  1  1  0  -100  0  20  3E-06  0.1  0  0  20.11353061
1  3  2  1  0  -100  0  20  3E-06  0.1  0  0  19.62824536
1  3  3  1  0  -100  0  20  3E-06  0.1  0  0  19.26669891
1  3  4  1  0  -100  0  20  3E-06  0.1  0  0  19.02586959
1  3  5  1  0  -100  0  20  3E-06  0.1  0  0  18.90540953
1  3  6  1  0  -100  0  20  3E-06  0.1  0  0  18.90540969
1  3  7  1  0  -100  0  20  3E-06  0.1  0  0  19.02587005
1  3  8  1  0  -100  0  20  3E-06  0.1  0  0  19.2666996
1  3  9  1  0  -100  0  20  3E-06  0.1  0  0  19.62824618
1  3  10  1  0  -100  0  20  3E-06  0.1  0  0  20.1135315
1  4  1  1  0  -100  0  20  3E-06  0.1  0  0  18.04727153
1  4  2  1  0  -100  0  20  3E-06  0.1  0  0  17.61938113
1  4  3  1  0  -100  0  20  3E-06  0.1  0  0  17.3272716
1  4  4  1  0  -100  0  20  3E-06  0.1  0  0  17.14169343
1  4  5  1  0  -100  0  20  3E-06  0.1  0  0  17.05092241
1  4  6  1  0  -100  0  20  3E-06  0.1  0  0  17.05092233
1  4  7  1  0  -100  0  20  3E-06  0.1  0  0  17.1416932
1  4  8  1  0  -100  0  20  3E-06  0.1  0  0  17.32727121
1  4  9  1  0  -100  0  20  3E-06  0.1  0  0  17.61938059
1  4  10  1  0  -100  0  20  3E-06  0.1  0  0  18.04727093
1  5  1  1  0  -100  0  20  3E-06  0.1  0  0  15.11557102
1  5  2  1  0  -100  0  20  3E-06  0.1  0  0  15.02967658
1  5  3  1  0  -100  0  20  3E-06  0.1  0  0  14.92984438
1  5  4  1  0  -100  0  20  3E-06  0.1  0  0  14.85015995
1  5  5  1  0  -100  0  20  3E-06  0.1  0  0  14.80695237
1  5  6  1  0  -100  0  20  3E-06  0.1  0  0  14.806952
1  5  7  1  0  -100  0  20  3E-06  0.1  0  0  14.85015885
1  5  8  1  0  -100  0  20  3E-06  0.1  0  0  14.92984261
1  5  9  1  0  -100  0  20  3E-06  0.1  0  0  15.02967423
1  5  10  1  0  -100  0  20  3E-06  0.1  0  0  15.11556827
1  6  1  1  0  -100  0  20  3E-06  0.1  0  0  12.46993558
1  6  2  1  0  -100  0  20  3E-06  0.1  0  0  12.44303392
1  6  3  1  0  -100  0  20  3E-06  0.1  0  0  12.40373711
1  6  4  1  0  -100  0  20  3E-06  0.1  0  0  12.36757973
1  6  5  1  0  -100  0  20  3E-06  0.1  0  0  12.34639882
1  6  6  1  0  -100  0  20  3E-06  0.1  0  0  12.34639828
1  6  7  1  0  -100  0  20  3E-06  0.1  0  0  12.36757811
1  6  8  1  0  -100  0  20  3E-06  0.1  0  0  12.40373447
1  6  9  1  0  -100  0  20  3E-06  0.1  0  0  12.44303034
1  6  10  1  0  -100  0  20  3E-06  0.1  0  0  12.46993109
1  7  1  1  0  -100  0  20  3E-06  0.1  0  0  9.869989678
1  7  2  1  0  -100  0  20  3E-06  0.1  0  0  9.844954277
1  7  3  1  0  -100  0  20  3E-06  0.1  0  0  9.80521196
1  7  4  1  0  -100  0  20  3E-06  0.1  0  0  9.766016767
1  7  5  1  0  -100  0  20  3E-06  0.1  0  0  9.742422666
1  7  6  1  0  -100  0  20  3E-06  0.1  0  0  9.742422371
1  7  7  1  0  -100  0  20  3E-06  0.1  0  0  9.766015839
1  7  8  1  0  -100  0  20  3E-06  0.1  0  0  9.805210295
1  7  9  1  0  -100  0  20  3E-06  0.1  0  0  9.844951805
1  7  10  1  0  -100  0  20  3E-06  0.1  0  0  9.86998634
1  8  1  1  0  -100  0  20  3E-06  0.1  0  0  7.297306395
1  8  2  1  0  -100  0  20  3E-06  0.1  0  0  7.235308525
1  8  3  1  0  -100  0  20  3E-06  0.1  0  0  7.132913804
1  8  4  1  0  -100  0  20  3E-06  0.1  0  0  7.028687088
1  8  5  1  0  -100  0  20  3E-06  0.1  0  0  6.969699558
1  8  6  1  0  -100  0  20  3E-06  0.1  0  0  6.969700316
1  8  7  1  0  -100  0  20  3E-06  0.1  0  0  7.028689265
1  8  8  1  0  -100  0  20  3E-06  0.1  0  0  7.132917129
1  8  9  1  0  -100  0  20  3E-06  0.1  0  0  7.235312724
1  8  10  1  0  -100  0  20  3E-06  0.1  0  0  7.297311041
1  9  1  1  0  -100  0  20  3E-06  0.1  0  0  4.891061586
1  9  2  1  0  -100  0  20  3E-06  0.1  0  0  4.709019929
1  9  3  1  0  -100  0  20  3E-06  0.1  0  0  4.383184884
1  9  4  1  0  -100  0  20  3E-06  0.1  0  0  4.016661422
1  9  5  1  0  -100  0  20  3E-06  0.1  0  0  3.863635214
1  9  6  1  0  -100  0  20  3E-06  0.1  0  0  3.863636389
1  9  7  1  0  -100  0  20  3E-06  0.1  0  0  4.016665482
1  9  8  1  0  -100  0  20  3E-06  0.1  0  0  4.383193724
1  9  9  1  0  -100  0  20  3E-06  0.1  0  0  4.709033915
1  9  10  1  0  -100  0  20  3E-06  0.1  0  0  4.891079217
1  10  1  1  0  -100  0  20  3E-06  0.1  0  0  3.135009208
1  10  2  1  0  -100  0  20  3E-06  0.1  0  0  2.680379104
1  10  3  1  0  -100  0  20  3E-06  0.1  0  0  1.696394422
1  10  4  -1  0  -100  0  20  3E-06  0.1  0  0  0
1  10  5  -1  0  -100  0  20  3E-06  0.1  0  0  0
1  10  6  -1  0  -100  0  20  3E-06  0.1  0  0  0
1  10  7  -1  0  -100  0  20  3E-06  0.1  0  0  0
1  10  8  1  0  -100  0  20  3E-06  0.1  0  0  1.696399823
1  10  9  1  0  -100  0  20  3E-06  0.1  0  0  2.680390077
1  10  10  1  0  -100  0  20  3E-06  0.1  0  0  3.135023927
2  1  1  1  -100  -150  1000  0  3E-06  6.56E-05  0  0  14.85313687
2  1  2  1  -100  -150  1000  0  3E-06  6.56E-05  0  0  14.91416755
2  1  3  1  -100  -150  1000  0  3E-06  6.56E-05  0  0  14.95739631
2  1  4  1  -100  -150  1000  0  3E-06  6.56E-05  0  0  14.98502305
2  1  5  1  -100  -150  1000  0  3E-06  6.56E-05  0  0  14.998486
2  1  6  1  -100  -150  1000  0  3E-06  6.56E-05  0  0  14.99848628
2  1  7  1  -100  -150  1000  0  3E-06  6.56E-05  0  0  14.9850239
2  1  8  1  -100  -150  1000  0  3E-06  6.56E-05  0  0  14.95739771
2  1  9  1  -100  -150  1000  0  3E-06  6.56E-05  0  0  14.91416949
2  1  10  1  -100  -150  1000  0  3E-06  6.56E-05  0  0  14.85313935
2  2  1  1  -100  -150  1000  0  3E-06  6.56E-05  0  0  14.53406175
2  2  2  1  -100  -150  0.5  0  3E-06  6.56E-05  0  0  16.75202089
2  2  3  1  -100  -150  0.5  0  3E-06  6.56E-05  0  0  16.88010873
2  2  4  1  -100  -150  0.5  0  3E-06  6.56E-05  0  0  16.76530616
2  2  5  1  -100  -150  0.5  0  3E-06  6.56E-05  0  0  16.69664399
2  2  6  1  -100  -150  0.5  0  3E-06  6.56E-05  0  0  16.69664464
2  2  7  1  -100  -150  0.5  0  3E-06  6.56E-05  0  0  16.76530807
2  2  8  1  -100  -150  0.5  0  3E-06  6.56E-05  0  0  16.88011198
2  2  9  1  -100  -150  0.5  0  3E-06  6.56E-05  0  0  16.75202883
2  2  10  1  -100  -150  1000  0  3E-06  6.56E-05  0  0  14.53406613
2  3  1  1  -100  -150  1000  0  3E-06  6.56E-05  0  0  14.13623301
2  3  2  1  -100  -150  0.5  0  3E-06  6.56E-05  0  0  16.09950465
2  3  3  1  -100  -150  0.5  0  3E-06  6.56E-05  0  0  16.21868216
2  3  4  1  -100  -150  0.5  0  3E-06  6.56E-05  0  0  16.12065917
2  3  5  1  -100  -150  0.5  0  3E-06  6.56E-05  0  0  16.06242427
2  3  6  1  -100  -150  0.5  0  3E-06  6.56E-05  0  0  16.06242497
2  3  7  1  -100  -150  0.5  0  3E-06  6.56E-05  0  0  16.12066123
2  3  8  1  -100  -150  0.5  0  3E-06  6.56E-05  0  0  16.21868569
2  3  9  1  -100  -150  0.5  0  3E-06  6.56E-05  0  0  16.09951336
2  3  10  1  -100  -150  1000  0  3E-06  6.56E-05  0  0  14.13623906
2  4  1  1  -100  -150  1000  0  3E-06  6.56E-05  0  0  13.66989802
2  4  2  1  -100  -150  0.5  0  3E-06  6.56E-05  0  0  15.13318465
2  4  3  1  -100  -150  0.5  0  3E-06  6.56E-05  0  0  15.21293522
2  4  4  1  -100  -150  0.5  0  3E-06  6.56E-05  0  0  15.13694584
2  4  5  1  -100  -150  0.5  0  3E-06  6.56E-05  0  0  15.09302865
2  4  6  1  -100  -150  0.5  0  3E-06  6.56E-05  0  0  15.09302931
2  4  7  1  -100  -150  0.5  0  3E-06  6.56E-05  0  0  15.13694779
2  4  8  1  -100  -150  0.5  0  3E-06  6.56E-05  0  0  15.2129386
2  4  9  1  -100  -150  0.5  0  3E-06  6.56E-05  0  0  15.13319305
2  4  10  1  -100  -150  1000  0  3E-06  6.56E-05  0  0  13.66990558
2  5  1  1  -100  -150  1000  0  3E-06  6.56E-05  0  0  13.1516785
2  5  2  1  -100  -150  0.5  0  3E-06  6.56E-05  0  0  13.90679691
2  5  3  1  -100  -150  0.5  0  3E-06  6.56E-05  0  0  13.9691635
2  5  4  1  -100  -150  0.5  0  3E-06  6.56E-05  0  0  13.93774706
2  5  5  1  -100  -150  0.5  0  3E-06  6.56E-05  0  0  13.91689453
2  5  6  1  -100  -150  0.5  0  3E-06  6.56E-05  0  0  13.91689508
2  5  7  1  -100  -150  0.5  0  3E-06  6.56E-05  0  0  13.9377487
2  5  8  1  -100  -150  0.5  0  3E-06  6.56E-05  0  0  13.96916641
2  5  9  1  -100  -150  0.5  0  3E-06  6.56E-05  0  0  13.90680475
2  5  10  1  -100  -150  1000  0  3E-06  6.56E-05  0  0  13.15168744
2  6  1  1  -100  -150  1000  0  3E-06  6.56E-05  0  0  12.60840626
2  6  2  1  -100  -150  0.5  0  3E-06  6.56E-05  0  0  12.66620257
2  6  3  1  -100  -150  0.5  0  3E-06  6.56E-05  0  0  12.65582253
2  6  4  1  -100  -150  0.5  0  3E-06  6.56E-05  0  0  12.63836132
2  6  5  1  -100  -150  0.5  0  3E-06  6.56E-05  0  0  12.62778022
2  6  6  1  -100  -150  0.5  0  3E-06  6.56E-05  0  0  12.62778067
2  6  7  1  -100  -150  0.5  0  3E-06  6.56E-05  0  0  12.63836266
2  6  8  1  -100  -150  0.5  0  3E-06  6.56E-05  0  0  12.65582497
2  6  9  1  -100  -150  0.5  0  3E-06  6.56E-05  0  0  12.66620991
2  6  10  1  -100  -150  1000  0  3E-06  6.56E-05  0  0  12.60841659
2  7  1  1  -100  -150  1000  0  3E-06  6.56E-05  0  0  12.06293864
2  7  2  1  -100  -150  0.5  0  3E-06  6.56E-05  0  0  11.41981772
2  7  3  1  -100  -150  0.5  0  3E-06  6.56E-05  0  0  11.3078085
2  7  4  1  -100  -150  0.5  0  3E-06  6.56E-05  0  0  11.28108198
2  7  5  1  -100  -150  0.5  0  3E-06  6.56E-05  0  0  11.26851904
2  7  6  1  -100  -150  0.5  0  3E-06  6.56E-05  0  0  11.26851959
2  7  7  1  -100  -150  0.5  0  3E-06  6.56E-05  0  0  11.28108359
2  7  8  1  -100  -150  0.5  0  3E-06  6.56E-05  0  0  11.30781133
2  7  9  1  -100  -150  0.5  0  3E-06  6.56E-05  0  0  11.41982546
2  7  10  1  -100  -150  1000  0  3E-06  6.56E-05  0  0  12.06295052
2  8  1  1  -100  -150  1000  0  3E-06  6.56E-05  0  0  11.53750482
2  8  2  1  -100  -150  0.5  0  3E-06  6.56E-05  0  0  10.17780992
2  8  3  1  -100  -150  0.5  0  3E-06  6.56E-05  0  0  9.932878427
2  8  4  1  -100  -150  0.5  0  3E-06  6.56E-05  0  0  9.866162799
2  8  5  1  -100  -150  0.5  0  3E-06  6.56E-05  0  0  9.835167814
2  8  6  1  -100  -150  0.5  0  3E-06  6.56E-05  0  0  9.835168898
2  8  7  1  -100  -150  0.5  0  3E-06  6.56E-05  0  0  9.866165995
2  8  8  1  -100  -150  0.5  0  3E-06  6.56E-05  0  0  9.932883801
2  8  9  1  -100  -150  0.5  0  3E-06  6.56E-05  0  0  10.17782053
2  8  10  1  -100  -150  1000  0  3E-06  6.56E-05  0  0  11.53751849
2  9  1  1  -100  -150  1000  0  3E-06  6.56E-05  0  0  11.05436002
2  9  2  1  -100  -150  0.5  0  3E-06  6.56E-05  0  0  9.055585785
2  9  3  1  -100  -150  0.5  0  3E-06  6.56E-05  0  0  8.631373305
2  9  4  1  -100  -150  0.5  0  3E-06  6.56E-05  0  0  8.444388487
2  9  5  1  -100  -150  0.5  0  3E-06  6.56E-05  0  0  8.367538377
2  9  6  1  -100  -150  0.5  0  3E-06  6.56E-05  0  0  8.367539839
2  9  7  1  -100  -150  0.5  0  3E-06  6.56E-05  0  0  8.444393134
2  9  8  1  -100  -150  0.5  0  3E-06  6.56E-05  0  0  8.631382012
2  9  9  1  -100  -150  0.5  0  3E-06  6.56E-05  0  0  9.055600638
2  9  10  1  -100  -150  1000  0  3E-06  6.56E-05  0  0  11.05437556
2  10  1  1  -100  -150  1000  0  3E-06  6.56E-05  0  0  10.63413161
2  10  2  1  -100  -150  1000  0  3E-06  6.56E-05  0  0  10.54564117
2  10  3  1  -100  -150  1000  0  3E-06  6.56E-05  0  0  10.47493284
2  10  4  1  -100  -150  1000  0  3E-06  6.56E-05  0  0  10.42462239
2  10  5  1  -100  -150  1000  0  3E-06  6.56E-05  0  0  10.39953601
2  10  6  1  -100  -150  1000  0  3E-06  6.56E-05  0  0  10.39953869
2  10  7  1  -100  -150  1000  0  3E-06  6.56E-05  0  0  10.42463045
2  10  8  1  -100  -150  1000  0  3E-06  6.56E-05  0  0  10.47494624
2  10  9  1  -100  -150  1000  0  3E-06  6.56E-05  0  0  10.54565988
2  10  10  1  -100  -150  1000  0  3E-06  6.56E-05  0  0  10.63414973
3  1  1  1  -150  -350  1000  0  0  0.000262  0  0  13.2936342
3  1  2  1  -150  -350  1000  0  0  0.000262  0  0  13.29483786
3  1  3  1  -150  -350  1000  0  0  0.000262  0  0  13.29625979
3  1  4  1  -150  -350  1000  0  0  0.000262  0  0  13.29737188
3  1  5  1  -150  -350  1000  0  0  0.000262  0  0  13.29796231
3  1  6  1  -150  -350  1000  0  0  0.000262  0  0  13.29796307
3  1  7  1  -150  -350  1000  0  0  0.000262  0  0  13.29737409
3  1  8  1  -150  -350  1000  0  0  0.000262  0  0  13.29626328
3  1  9  1  -150  -350  1000  0  0  0.000262  0  0  13.29484234
3  1  10  1  -150  -350  1000  0  0  0.000262  0  0  13.29363927
3  2  1  1  -150  -350  1000  0  0  0.000262  0  0  13.27010794
3  2  2  1  -150  -350  1000  0  0  0.000262  0  0  13.27453492
3  2  3  1  -150  -350  1000  0  0  0.000262  0  0  13.27756722
3  2  4  1  -150  -350  1000  0  0  0.000262  0  0  13.27920809
3  2  5  1  -150  -350  1000  0  0  0.000262  0  0  13.27991598
3  2  6  1  -150  -350  1000  0  0  0.000262  0  0  13.27991688
3  2  7  1  -150  -350  1000  0  0  0.000262  0  0  13.27921071
3  2  8  1  -150  -350  1000  0  0  0.000262  0  0  13.27757131
3  2  9  1  -150  -350  1000  0  0  0.000262  0  0  13.27454004
3  2  10  1  -150  -350  1000  0  0  0.000262  0  0  13.27011334
3  3  1  1  -150  -350  1000  0  0  0.000262  0  0  13.21370878
3  3  2  1  -150  -350  1000  0  0  0.000262  0  0  13.21808609
3  3  3  1  -150  -350  1000  0  0  0.000262  0  0  13.22121388
3  3  4  1  -150  -350  1000  0  0  0.000262  0  0  13.22294655
3  3  5  1  -150  -350  1000  0  0  0.000262  0  0  13.22369985
3  3  6  1  -150  -350  1000  0  0  0.000262  0  0  13.22370088
3  3  7  1  -150  -350  1000  0  0  0.000262  0  0  13.22294957
3  3  8  1  -150  -350  1000  0  0  0.000262  0  0  13.2212186
3  3  9  1  -150  -350  1000  0  0  0.000262  0  0  13.21809202
3  3  10  1  -150  -350  1000  0  0  0.000262  0  0  13.21371507
3  4  1  1  -150  -350  1000  0  0  0.000262  0  0  13.12873262
3  4  2  1  -150  -350  1000  0  0  0.000262  0  0  13.13206311
3  4  3  1  -150  -350  1000  0  0  0.000262  0  0  13.13447484
3  4  4  1  -150  -350  1000  0  0  0.000262  0  0  13.13583268
3  4  5  1  -150  -350  1000  0  0  0.000262  0  0  13.13643029
3  4  6  1  -150  -350  1000  0  0  0.000262  0  0  13.13643144
3  4  7  1  -150  -350  1000  0  0  0.000262  0  0  13.13583605
3  4  8  1  -150  -350  1000  0  0  0.000262  0  0  13.13448012
3  4  9  1  -150  -350  1000  0  0  0.000262  0  0  13.13206975
3  4  10  1  -150  -350  1000  0  0  0.000262  0  0  13.12873966
3  5  1  1  -150  -350  1000  0  0  0.000262  0  0  13.023943
3  5  2  1  -150  -350  1000  0  0  0.000262  0  0  13.02570654
3  5  3  1  -150  -350  1000  0  0  0.000262  0  0  13.02701331
3  5  4  1  -150  -350  1000  0  0  0.000262  0  0  13.02774898
3  5  5  1  -150  -350  1000  0  0  0.000262  0  0  13.02806936
3  5  6  1  -150  -350  1000  0  0  0.000262  0  0  13.02807059
3  5  7  1  -150  -350  1000  0  0  0.000262  0  0  13.02775257
3  5  8  1  -150  -350  1000  0  0  0.000262  0  0  13.02701894
3  5  9  1  -150  -350  1000  0  0  0.000262  0  0  13.02571361
3  5  10  1  -150  -350  1000  0  0  0.000262  0  0  13.02395049
3  6  1  1  -150  -350  1000  0  0  0.000262  0  0  12.91056866
3  6  2  1  -150  -350  1000  0  0  0.000262  0  0  12.91060885
3  6  3  1  -150  -350  1000  0  0  0.000262  0  0  12.91053376
3  6  4  1  -150  -350  1000  0  0  0.000262  0  0  12.91040892
3  6  5  1  -150  -350  1000  0  0  0.000262  0  0  12.91032101
3  6  6  1  -150  -350  1000  0  0  0.000262  0  0  12.91032226
3  6  7  1  -150  -350  1000  0  0  0.000262  0  0  12.91041258
3  6  8  1  -150  -350  1000  0  0  0.000262  0  0  12.91053951
3  6  9  1  -150  -350  1000  0  0  0.000262  0  0  12.91061608
3  6  10  1  -150  -350  1000  0  0  0.000262  0  0  12.91057632
3  7  1  1  -150  -350  1000  0  0  0.000262  0  0  12.80066147
3  7  2  1  -150  -350  1000  0  0  0.000262  0  0  12.7989098
3  7  3  1  -150  -350  1000  0  0  0.000262  0  0  12.79731286
3  7  4  1  -150  -350  1000  0  0  0.000262  0  0  12.79618794
3  7  5  1  -150  -350  1000  0  0  0.000262  0  0  12.79560809
3  7  6  1  -150  -350  1000  0  0  0.000262  0  0  12.79560934
3  7  7  1  -150  -350  1000  0  0  0.000262  0  0  12.79619159
3  7  8  1  -150  -350  1000  0  0  0.000262  0  0  12.7973186
3  7  9  1  -150  -350  1000  0  0  0.000262  0  0  12.79891705
3  7  10  1  -150  -350  1000  0  0  0.000262  0  0  12.80066916
3  8  1  1  -150  -350  1000  0  0  0.000262  0  0  12.70661533
3  8  2  1  -150  -350  1000  0  0  0.000262  0  0  12.70314525
3  8  3  1  -150  -350  1000  0  0  0.000262  0  0  12.70008059
3  8  4  1  -150  -350  1000  0  0  0.000262  0  0  12.69796976
3  8  5  1  -150  -350  1000  0  0  0.000262  0  0  12.69689715
3  8  6  1  -150  -350  1000  0  0  0.000262  0  0  12.6968984
3  8  7  1  -150  -350  1000  0  0  0.000262  0  0  12.69797339
3  8  8  1  -150  -350  1000  0  0  0.000262  0  0  12.70008629
3  8  9  1  -150  -350  1000  0  0  0.000262  0  0  12.70315248
3  8  10  1  -150  -350  1000  0  0  0.000262  0  0  12.70662305
3  9  1  1  -150  -350  1000  0  0  0.000262  0  0  12.64048075
3  9  2  1  -150  -350  1000  0  0  0.000262  0  0  12.63606713
3  9  3  1  -150  -350  1000  0  0  0.000262  0  0  12.63224174
3  9  4  1  -150  -350  1000  0  0  0.000262  0  0  12.62958201
3  9  5  1  -150  -350  1000  0  0  0.000262  0  0  12.62823258
3  9  6  1  -150  -350  1000  0  0  0.000262  0  0  12.62823378
3  9  7  1  -150  -350  1000  0  0  0.000262  0  0  12.62958551
3  9  8  1  -150  -350  1000  0  0  0.000262  0  0  12.63224725
3  9  9  1  -150  -350  1000  0  0  0.000262  0  0  12.63607414
3  9  10  1  -150  -350  1000  0  0  0.000262  0  0  12.64048831
3  10  1  1  -150  -350  1000  0  0  0.000262  0  0  12.6110367
3  10  2  1  -150  -350  1000  0  0  0.000262  0  0  12.60960641
3  10  3  1  -150  -350  1000  0  0  0.000262  0  0  12.60775351
3  10  4  1  -150  -350  1000  0  0  0.000262  0  0  12.60617748
3  10  5  1  -150  -350  1000  0  0  0.000262  0  0  12.60529533
3  10  6  1  -150  -350  1000  0  0  0.000262  0  0  12.60529643
3  10  7  1  -150  -350  1000  0  0  0.000262  0  0  12.60618065
3  10  8  1  -150  -350  1000  0  0  0.000262  0  0  12.60775845
3  10  9  1  -150  -350  1000  0  0  0.000262  0  0  12.60961255
3  10  10  1  -150  -350  1000  0  0  0.000262  0  0  12.61104316
