IDB  IROW  ICOL  RNB  DSH  DHC  DCOM  DZ  IMZ
1  1  1  7.635  0  -7  0  5.894  1
1  1  2  7.635  0  -7  0  5.894  1
1  1  3  7.635  0  -7  0  5.894  1
1  1  4  7.635  0  -7  0  5.894  1
1  1  5  7.635  0  -7  0  5.894  1
1  1  6  7.635  0  -7  0  5.894  1
1  1  7  7.635  0  -7  0  5.894  1
1  1  8  7.635  0  -7  0  5.894  1
1  1  9  7.635  0  -7  0  5.894  1
1  1  10  7.635  0  -7  0  5.894  1
1  2  1  7.635  0  -7  0  5.894  1
1  2  2  7.635  0  -7  0  5.894  1
1  2  3  7.635  0  -7  0  5.894  1
1  2  4  7.635  0  -7  0  5.894  1
1  2  5  7.635  0  -7  0  5.894  1
1  2  6  7.635  0  -7  0  5.894  1
1  2  7  7.635  0  -7  0  5.894  1
1  2  8  7.635  0  -7  0  5.894  1
1  2  9  7.635  0  -7  0  5.894  1
1  2  10  7.635  0  -7  0  5.894  1
1  3  1  7.635  0  -7  0  5.894  1
1  3  2  7.635  0  -7  0  5.894  1
1  3  3  7.635  0  -7  0  5.894  1
1  3  4  7.635  0  -7  0  5.894  1
1  3  5  7.635  0  -7  0  5.894  1
1  3  6  7.635  0  -7  0  5.894  1
1  3  7  7.635  0  -7  0  5.894  1
1  3  8  7.635  0  -7  0  5.894  1
1  3  9  7.635  0  -7  0  5.894  1
1  3  10  7.635  0  -7  0  5.894  1
1  4  1  7.635  0  -7  0  5.894  1
1  4  2  7.635  0  -7  0  5.894  1
1  4  3  7.635  0  -7  0  5.894  1
1  4  4  7.635  0  -7  0  5.894  1
1  4  5  7.635  0  -7  0  5.894  1
1  4  6  7.635  0  -7  0  5.894  1
1  4  7  7.635  0  -7  0  5.894  1
1  4  8  7.635  0  -7  0  5.894  1
1  4  9  7.635  0  -7  0  5.894  1
1  4  10  7.635  0  -7  0  5.894  1
1  5  1  7.635  0  -7  0  5.894  1
1  5  2  7.635  0  -7  0  5.894  1
1  5  3  7.635  0  -7  0  5.894  1
1  5  4  7.635  0  -7  0  5.894  1
1  5  5  7.635  0  -7  0  5.894  1
1  5  6  7.635  0  -7  0  5.894  1
1  5  7  7.635  0  -7  0  5.894  1
1  5  8  7.635  0  -7  0  5.894  1
1  5  9  7.635  0  -7  0  5.894  1
1  5  10  7.635  0  -7  0  5.894  1
1  6  1  7.635  0  -7  0  5.894  1
1  6  2  7.635  0  -7  0  5.894  1
1  6  3  7.635  0  -7  0  5.894  1
1  6  4  7.635  0  -7  0  5.894  1
1  6  5  7.635  0  -7  0  5.894  1
1  6  6  7.635  0  -7  0  5.894  1
1  6  7  7.635  0  -7  0  5.894  1
1  6  8  7.635  0  -7  0  5.894  1
1  6  9  7.635  0  -7  0  5.894  1
1  6  10  7.635  0  -7  0  5.894  1
1  7  1  7.635  0  -7  0  5.894  1
1  7  2  7.635  0  -7  0  5.894  1
1  7  3  7.635  0  -7  0  5.894  1
1  7  4  7.635  0  -7  0  5.894  1
1  7  5  7.635  0  -7  0  5.894  1
1  7  6  7.635  0  -7  0  5.894  1
1  7  7  7.635  0  -7  0  5.894  1
1  7  8  7.635  0  -7  0  5.894  1
1  7  9  7.635  0  -7  0  5.894  1
1  7  10  7.635  0  -7  0  5.894  1
1  8  1  7.635  0  -7  0  5.894  1
1  8  2  7.635  0  -7  0  5.894  1
1  8  3  7.635  0  -7  0  5.894  1
1  8  4  7.635  0  -7  0  5.894  1
1  8  5  7.635  0  -7  0  5.894  1
1  8  6  7.635  0  -7  0  5.894  1
1  8  7  7.635  0  -7  0  5.894  1
1  8  8  7.635  0  -7  0  5.894  1
1  8  9  7.635  0  -7  0  5.894  1
1  8  10  7.635  0  -7  0  5.894  1
1  9  1  7.635  0  -7  0  5.894  1
1  9  2  7.635  0  -7  0  5.894  1
1  9  3  7.635  0  -7  0  5.894  1
1  9  4  7.635  0  -7  0  5.894  1
1  9  5  7.635  0  -7  0  5.894  1
1  9  6  7.635  0  -7  0  5.894  1
1  9  7  7.635  0  -7  0  5.894  1
1  9  8  7.635  0  -7  0  5.894  1
1  9  9  7.635  0  -7  0  5.894  1
1  9  10  7.635  0  -7  0  5.894  1
1  10  1  7.635  0  -7  0  5.894  1
1  10  2  7.635  0  -7  0  5.894  1
1  10  3  7.635  0  -7  0  5.894  1
1  10  4  7.635  0  -7  0  5.894  1
1  10  5  7.635  0  -7  0  5.894  1
1  10  6  7.635  0  -7  0  5.894  1
1  10  7  7.635  0  -7  0  5.894  1
1  10  8  7.635  0  -7  0  5.894  1
1  10  9  7.635  0  -7  0  5.894  1
1  10  10  7.635  0  -7  0  5.894  1
2  1  1  17.718  -7  -7  0  5.08  1
2  1  2  17.718  -7  -7  0  5.08  1
2  1  3  17.718  -7  -7  0  5.08  1
2  1  4  17.718  -7  -7  0  5.08  1
2  1  5  17.718  -7  -7  0  5.08  1
2  1  6  17.718  -7  -7  0  5.08  1
2  1  7  17.718  -7  -7  0  5.08  1
2  1  8  17.718  -7  -7  0  5.08  1
2  1  9  17.718  -7  -7  0  5.08  1
2  1  10  17.718  -7  -7  0  5.08  1
2  2  1  17.718  -7  -7  0  5.08  1
2  2  2  17.718  -7  -7  0  5.08  1
2  2  3  17.718  -7  -7  0  5.08  1
2  2  4  17.718  -7  -7  0  5.08  1
2  2  5  17.718  -7  -7  0  5.08  1
2  2  6  17.718  -7  -7  0  5.08  1
2  2  7  17.718  -7  -7  0  5.08  1
2  2  8  17.718  -7  -7  0  5.08  1
2  2  9  17.718  -7  -7  0  5.08  1
2  2  10  17.718  -7  -7  0  5.08  1
2  3  1  17.718  -7  -7  0  5.08  1
2  3  2  17.718  -7  -7  0  5.08  1
2  3  3  17.718  -7  -7  0  5.08  1
2  3  4  17.718  -7  -7  0  5.08  1
2  3  5  17.718  -7  -7  0  5.08  1
2  3  6  17.718  -7  -7  0  5.08  1
2  3  7  17.718  -7  -7  0  5.08  1
2  3  8  17.718  -7  -7  0  5.08  1
2  3  9  17.718  -7  -7  0  5.08  1
2  3  10  17.718  -7  -7  0  5.08  1
2  4  1  17.718  -7  -7  0  5.08  1
2  4  2  17.718  -7  -7  0  5.08  1
2  4  3  17.718  -7  -7  0  5.08  1
2  4  4  17.718  -7  -7  0  5.08  1
2  4  5  17.718  -7  -7  0  5.08  1
2  4  6  17.718  -7  -7  0  5.08  1
2  4  7  17.718  -7  -7  0  5.08  1
2  4  8  17.718  -7  -7  0  5.08  1
2  4  9  17.718  -7  -7  0  5.08  1
2  4  10  17.718  -7  -7  0  5.08  1
2  5  1  17.718  -7  -7  0  5.08  1
2  5  2  17.718  -7  -7  0  5.08  1
2  5  3  17.718  -7  -7  0  5.08  1
2  5  4  17.718  -7  -7  0  5.08  1
2  5  5  17.718  -7  -7  0  5.08  1
2  5  6  17.718  -7  -7  0  5.08  1
2  5  7  17.718  -7  -7  0  5.08  1
2  5  8  17.718  -7  -7  0  5.08  1
2  5  9  17.718  -7  -7  0  5.08  1
2  5  10  17.718  -7  -7  0  5.08  1
2  6  1  17.718  -7  -7  0  5.08  1
2  6  2  17.718  -7  -7  0  5.08  1
2  6  3  17.718  -7  -7  0  5.08  1
2  6  4  17.718  -7  -7  0  5.08  1
2  6  5  17.718  -7  -7  0  5.08  1
2  6  6  17.718  -7  -7  0  5.08  1
2  6  7  17.718  -7  -7  0  5.08  1
2  6  8  17.718  -7  -7  0  5.08  1
2  6  9  17.718  -7  -7  0  5.08  1
2  6  10  17.718  -7  -7  0  5.08  1
2  7  1  17.718  -7  -7  0  5.08  1
2  7  2  17.718  -7  -7  0  5.08  1
2  7  3  17.718  -7  -7  0  5.08  1
2  7  4  17.718  -7  -7  0  5.08  1
2  7  5  17.718  -7  -7  0  5.08  1
2  7  6  17.718  -7  -7  0  5.08  1
2  7  7  17.718  -7  -7  0  5.08  1
2  7  8  17.718  -7  -7  0  5.08  1
2  7  9  17.718  -7  -7  0  5.08  1
2  7  10  17.718  -7  -7  0  5.08  1
2  8  1  17.718  -7  -7  0  5.08  1
2  8  2  17.718  -7  -7  0  5.08  1
2  8  3  17.718  -7  -7  0  5.08  1
2  8  4  17.718  -7  -7  0  5.08  1
2  8  5  17.718  -7  -7  0  5.08  1
2  8  6  17.718  -7  -7  0  5.08  1
2  8  7  17.718  -7  -7  0  5.08  1
2  8  8  17.718  -7  -7  0  5.08  1
2  8  9  17.718  -7  -7  0  5.08  1
2  8  10  17.718  -7  -7  0  5.08  1
2  9  1  17.718  -7  -7  0  5.08  1
2  9  2  17.718  -7  -7  0  5.08  1
2  9  3  17.718  -7  -7  0  5.08  1
2  9  4  17.718  -7  -7  0  5.08  1
2  9  5  17.718  -7  -7  0  5.08  1
2  9  6  17.718  -7  -7  0  5.08  1
2  9  7  17.718  -7  -7  0  5.08  1
2  9  8  17.718  -7  -7  0  5.08  1
2  9  9  17.718  -7  -7  0  5.08  1
2  9  10  17.718  -7  -7  0  5.08  1
2  10  1  17.718  -7  -7  0  5.08  1
2  10  2  17.718  -7  -7  0  5.08  1
2  10  3  17.718  -7  -7  0  5.08  1
2  10  4  17.718  -7  -7  0  5.08  1
2  10  5  17.718  -7  -7  0  5.08  1
2  10  6  17.718  -7  -7  0  5.08  1
2  10  7  17.718  -7  -7  0  5.08  1
2  10  8  17.718  -7  -7  0  5.08  1
2  10  9  17.718  -7  -7  0  5.08  1
2  10  10  17.718  -7  -7  0  5.08  1
