IPER  ILYR  IROW  ICOL  IEVT  ETSURF  ETRATE  ETMXD  ETEXP  NUMSEG
1  1  1  1  2  137  0.0412  15  1  2
1  1  1  2  2  136.0196  0.0412  15  1  2
1  1  1  3  2  134.451  0.0412  15  1  2
1  1  1  4  2  132.8824  0.0412  15  1  2
1  1  1  5  2  131.3137  0.0412  15  1  2
1  1  1  6  2  129.7451  0.0412  15  1  2
1  1  1  7  2  128.7647  0.0412  15  1  2
1  1  1  8  2  128.3725  0.0412  15  1  2
1  1  1  9  2  127.9804  0.0412  15  1  2
1  1  1  10  2  127.5882  0.0412  15  1  2
1  1  1  11  2  127.1961  0.0412  15  1  2
1  1  1  12  2  126.8039  0.0412  15  1  2
1  1  1  13  2  126.4118  0.0412  15  1  2
1  1  1  14  2  126.0196  0.0412  15  1  2
1  1  1  15  2  125.6275  0.0412  15  1  2
1  1  1  16  2  125.2353  0.0412  15  1  2
1  1  1  17  2  124.2549  0.0412  15  1  2
1  1  1  18  2  122.6863  0.0412  15  1  2
1  1  1  19  2  121.1176  0.0412  15  1  2
1  1  1  20  2  119.549  0.0412  15  1  2
1  1  1  21  2  117.9804  0.0412  15  1  2
1  1  1  22  2  117  0.0412  15  1  2
1  1  2  1  2  137  0.0412  15  1  2
1  1  2  2  2  136.0196  0.0412  15  1  2
1  1  2  3  2  134.451  0.0412  15  1  2
1  1  2  4  2  132.8824  0.0412  15  1  2
1  1  2  5  2  131.3137  0.0412  15  1  2
1  1  2  6  2  129.7451  0.0412  15  1  2
1  1  2  7  2  128.7647  0.0412  15  1  2
1  1  2  8  2  128.3725  0.0412  15  1  2
1  1  2  9  2  127.9804  0.0412  15  1  2
1  1  2  10  2  127.5882  0.0412  15  1  2
1  1  2  11  2  127.1961  0.0412  15  1  2
1  1  2  12  2  126.8039  0.0412  15  1  2
1  1  2  13  2  126.4118  0.0412  15  1  2
1  1  2  14  2  126.0196  0.0412  15  1  2
1  1  2  15  2  125.6275  0.0412  15  1  2
1  1  2  16  2  125.2353  0.0412  15  1  2
1  1  2  17  2  124.2549  0.0412  15  1  2
1  1  2  18  2  122.6863  0.0412  15  1  2
1  1  2  19  2  121.1176  0.0412  15  1  2
1  1  2  20  2  119.549  0.0412  15  1  2
1  1  2  21  2  117.9804  0.0412  15  1  2
1  1  2  22  2  117  0.0412  15  1  2
1  1  3  1  2  137  0.0412  15  1  2
1  1  3  2  2  136.0196  0.0412  15  1  2
1  1  3  3  2  134.451  0.0412  15  1  2
1  1  3  4  2  132.8824  0.0412  15  1  2
1  1  3  5  2  131.3137  0.0412  15  1  2
1  1  3  6  2  129.7451  0.0412  15  1  2
1  1  3  7  2  128.7647  0.0412  15  1  2
1  1  3  8  2  128.3725  0.0412  15  1  2
1  1  3  9  2  127.9804  0.0412  15  1  2
1  1  3  10  2  127.5882  0.0412  15  1  2
1  1  3  11  2  127.1961  0.0412  15  1  2
1  1  3  12  2  126.8039  0.0412  15  1  2
1  1  3  13  2  126.4118  0.0412  15  1  2
1  1  3  14  2  126.0196  0.0412  15  1  2
1  1  3  15  2  125.6275  0.0412  15  1  2
1  1  3  16  2  125.2353  0.0412  15  1  2
1  1  3  17  2  124.2549  0.0412  15  1  2
1  1  3  18  2  122.6863  0.0412  15  1  2
1  1  3  19  2  121.1176  0.0412  15  1  2
1  1  3  20  2  119.549  0.0412  15  1  2
1  1  3  21  2  117.9804  0.0412  15  1  2
1  1  3  22  2  117  0.0412  15  1  2
1  1  4  1  2  137  0.0412  15  1  2
1  1  4  2  2  136.0196  0.0412  15  1  2
1  1  4  3  2  134.451  0.0412  15  1  2
1  1  4  4  2  132.8824  0.0412  15  1  2
1  1  4  5  2  131.3137  0.0412  15  1  2
1  1  4  6  2  129.7451  0.0412  15  1  2
1  1  4  7  2  128.7647  0.0412  15  1  2
1  1  4  8  2  128.3725  0.0412  15  1  2
1  1  4  9  2  127.9804  0.0412  15  1  2
1  1  4  10  2  127.5882  0.0412  15  1  2
1  1  4  11  2  127.1961  0.0412  15  1  2
1  1  4  12  2  126.8039  0.0412  15  1  2
1  1  4  13  2  126.4118  0.0412  15  1  2
1  1  4  14  2  126.0196  0.0412  15  1  2
1  1  4  15  2  125.6275  0.0412  15  1  2
1  1  4  16  2  125.2353  0.0412  15  1  2
1  1  4  17  2  124.2549  0.0412  15  1  2
1  1  4  18  2  122.6863  0.0412  15  1  2
1  1  4  19  2  121.1176  0.0412  15  1  2
1  1  4  20  2  119.549  0.0412  15  1  2
1  1  4  21  2  117.9804  0.0412  15  1  2
1  1  4  22  2  117  0.0412  15  1  2
1  1  5  1  2  137  0.0412  15  1  2
1  1  5  2  2  136.0196  0.0412  15  1  2
1  1  5  3  2  134.451  0.0412  15  1  2
1  1  5  4  2  132.8824  0.0412  15  1  2
1  1  5  5  2  131.3137  0.0412  15  1  2
1  1  5  6  2  129.7451  0.0412  15  1  2
1  1  5  7  2  128.7647  0.0412  15  1  2
1  1  5  8  2  128.3725  0.0412  15  1  2
1  1  5  9  2  127.9804  0.0412  15  1  2
1  1  5  10  2  127.5882  0.0412  15  1  2
1  1  5  11  2  127.1961  0.0412  15  1  2
1  1  5  12  2  126.8039  0.0412  15  1  2
1  1  5  13  2  126.4118  0.0412  15  1  2
1  1  5  14  2  126.0196  0.0412  15  1  2
1  1  5  15  2  125.6275  0.0412  15  1  2
1  1  5  16  2  125.2353  0.0412  15  1  2
1  1  5  17  2  124.2549  0.0412  15  1  2
1  1  5  18  2  122.6863  0.0412  15  1  2
1  1  5  19  2  121.1176  0.0412  15  1  2
1  1  5  20  2  119.549  0.0412  15  1  2
1  1  5  21  2  117.9804  0.0412  15  1  2
1  1  5  22  2  117  0.0412  15  1  2
1  1  6  1  2  137  0.0412  15  1  2
1  1  6  2  2  136.0196  0.0412  15  1  2
1  1  6  3  2  134.451  0.0412  15  1  2
1  1  6  4  2  132.8824  0.0412  15  1  2
1  1  6  5  2  131.3137  0.0412  15  1  2
1  1  6  6  2  129.7451  0.0412  15  1  2
1  1  6  7  2  128.7647  0.0412  15  1  2
1  1  6  8  2  128.3725  0.0412  15  1  2
1  1  6  9  2  127.9804  0.0412  15  1  2
1  1  6  10  2  127.5882  0.0412  15  1  2
1  1  6  11  2  127.1961  0.0412  15  1  2
1  1  6  12  2  126.8039  0.0412  15  1  2
1  1  6  13  2  126.4118  0.0412  15  1  2
1  1  6  14  2  126.0196  0.0412  15  1  2
1  1  6  15  2  125.6275  0.0412  15  1  2
1  1  6  16  2  125.2353  0.0412  15  1  2
1  1  6  17  2  124.2549  0.0412  15  1  2
1  1  6  18  2  122.6863  0.0412  15  1  2
1  1  6  19  2  121.1176  0.0412  15  1  2
1  1  6  20  2  119.549  0.0412  15  1  2
1  1  6  21  2  117.9804  0.0412  15  1  2
1  1  6  22  2  117  0.0412  15  1  2
1  1  7  1  2  137  0.0412  15  1  2
1  1  7  2  2  136.0196  0.0412  15  1  2
1  1  7  3  2  134.451  0.0412  15  1  2
1  1  7  4  2  132.8824  0.0412  15  1  2
1  1  7  5  2  131.3137  0.0412  15  1  2
1  1  7  6  2  129.7451  0.0412  15  1  2
1  1  7  17  2  124.2549  0.0412  15  1  2
1  1  7  18  2  122.6863  0.0412  15  1  2
1  1  7  19  2  121.1176  0.0412  15  1  2
1  1  7  20  2  119.549  0.0412  15  1  2
1  1  7  21  2  117.9804  0.0412  15  1  2
1  1  7  22  2  117  0.0412  15  1  2
1  1  8  1  2  137  0.0412  15  1  2
1  1  8  2  2  136.0196  0.0412  15  1  2
1  1  8  3  2  134.451  0.0412  15  1  2
1  1  8  4  2  132.8824  0.0412  15  1  2
1  1  8  5  2  131.3137  0.0412  15  1  2
1  1  8  6  2  129.7451  0.0412  15  1  2
1  1  8  17  2  124.2549  0.0412  15  1  2
1  1  8  18  2  122.6863  0.0412  15  1  2
1  1  8  19  2  121.1176  0.0412  15  1  2
1  1  8  20  2  119.549  0.0412  15  1  2
1  1  8  21  2  117.9804  0.0412  15  1  2
1  1  8  22  2  117  0.0412  15  1  2
1  1  9  1  2  137  0.0412  15  1  2
1  1  9  2  2  136.0196  0.0412  15  1  2
1  1  9  3  2  134.451  0.0412  15  1  2
1  1  9  4  2  132.8824  0.0412  15  1  2
1  1  9  5  2  131.3137  0.0412  15  1  2
1  1  9  6  2  129.7451  0.0412  15  1  2
1  1  9  17  2  124.2549  0.0412  15  1  2
1  1  9  18  2  122.6863  0.0412  15  1  2
1  1  9  19  2  121.1176  0.0412  15  1  2
1  1  9  20  2  119.549  0.0412  15  1  2
1  1  9  21  2  117.9804  0.0412  15  1  2
1  1  9  22  2  117  0.0412  15  1  2
1  1  10  1  2  137  0.0412  15  1  2
1  1  10  2  2  136.0196  0.0412  15  1  2
1  1  10  3  2  134.451  0.0412  15  1  2
1  1  10  4  2  132.8824  0.0412  15  1  2
1  1  10  5  2  131.3137  0.0412  15  1  2
1  1  10  6  2  129.7451  0.0412  15  1  2
1  1  10  17  2  124.2549  0.0412  15  1  2
1  1  10  18  2  122.6863  0.0412  15  1  2
1  1  10  19  2  121.1176  0.0412  15  1  2
1  1  10  20  2  119.549  0.0412  15  1  2
1  1  10  21  2  117.9804  0.0412  15  1  2
1  1  10  22  2  117  0.0412  15  1  2
1  1  11  1  2  137  0.0412  15  1  2
1  1  11  2  2  136.0196  0.0412  15  1  2
1  1  11  3  2  134.451  0.0412  15  1  2
1  1  11  4  2  132.8824  0.0412  15  1  2
1  1  11  5  2  131.3137  0.0412  15  1  2
1  1  11  6  2  129.7451  0.0412  15  1  2
1  1  11  17  2  124.2549  0.0412  15  1  2
1  1  11  18  2  122.6863  0.0412  15  1  2
1  1  11  19  2  121.1176  0.0412  15  1  2
1  1  11  20  2  119.549  0.0412  15  1  2
1  1  11  21  2  117.9804  0.0412  15  1  2
1  1  11  22  2  117  0.0412  15  1  2
1  1  12  1  2  137  0.0412  15  1  2
1  1  12  2  2  136.0196  0.0412  15  1  2
1  1  12  3  2  134.451  0.0412  15  1  2
1  1  12  4  2  132.8824  0.0412  15  1  2
1  1  12  5  2  131.3137  0.0412  15  1  2
1  1  12  6  2  129.7451  0.0412  15  1  2
1  1  12  17  2  124.2549  0.0412  15  1  2
1  1  12  18  2  122.6863  0.0412  15  1  2
1  1  12  19  2  121.1176  0.0412  15  1  2
1  1  12  20  2  119.549  0.0412  15  1  2
1  1  12  21  2  117.9804  0.0412  15  1  2
1  1  12  22  2  117  0.0412  15  1  2
1  1  13  1  2  137  0.0412  15  1  2
1  1  13  2  2  136.0196  0.0412  15  1  2
1  1  13  3  2  134.451  0.0412  15  1  2
1  1  13  4  2  132.8824  0.0412  15  1  2
1  1  13  5  2  131.3137  0.0412  15  1  2
1  1  13  6  2  129.7451  0.0412  15  1  2
1  1  13  17  2  124.2549  0.0412  15  1  2
1  1  13  18  2  122.6863  0.0412  15  1  2
1  1  13  19  2  121.1176  0.0412  15  1  2
1  1  13  20  2  119.549  0.0412  15  1  2
1  1  13  21  2  117.9804  0.0412  15  1  2
1  1  13  22  2  117  0.0412  15  1  2
1  1  14  1  2  137  0.0412  15  1  2
1  1  14  2  2  136.0196  0.0412  15  1  2
1  1  14  3  2  134.451  0.0412  15  1  2
1  1  14  4  2  132.8824  0.0412  15  1  2
1  1  14  5  2  131.3137  0.0412  15  1  2
1  1  14  6  2  129.7451  0.0412  15  1  2
1  1  14  17  2  124.2549  0.0412  15  1  2
1  1  14  18  2  122.6863  0.0412  15  1  2
1  1  14  19  2  121.1176  0.0412  15  1  2
1  1  14  20  2  119.549  0.0412  15  1  2
1  1  14  21  2  117.9804  0.0412  15  1  2
1  1  14  22  2  117  0.0412  15  1  2
1  1  15  1  2  137  0.0412  15  1  2
1  1  15  2  2  136.0196  0.0412  15  1  2
1  1  15  3  2  134.451  0.0412  15  1  2
1  1  15  4  2  132.8824  0.0412  15  1  2
1  1  15  5  2  131.3137  0.0412  15  1  2
1  1  15  6  2  129.7451  0.0412  15  1  2
1  1  15  17  2  124.2549  0.0412  15  1  2
1  1  15  18  2  122.6863  0.0412  15  1  2
1  1  15  19  2  121.1176  0.0412  15  1  2
1  1  15  20  2  119.549  0.0412  15  1  2
1  1  15  21  2  117.9804  0.0412  15  1  2
1  1  15  22  2  117  0.0412  15  1  2
1  1  16  1  2  137  0.0412  15  1  2
1  1  16  2  2  136.0196  0.0412  15  1  2
1  1  16  3  2  134.451  0.0412  15  1  2
1  1  16  4  2  132.8824  0.0412  15  1  2
1  1  16  5  2  131.3137  0.0412  15  1  2
1  1  16  6  2  129.7451  0.0412  15  1  2
1  1  16  17  2  124.2549  0.0412  15  1  2
1  1  16  18  2  122.6863  0.0412  15  1  2
1  1  16  19  2  121.1176  0.0412  15  1  2
1  1  16  20  2  119.549  0.0412  15  1  2
1  1  16  21  2  117.9804  0.0412  15  1  2
1  1  16  22  2  117  0.0412  15  1  2
1  1  17  1  2  137  0.0412  15  1  2
1  1  17  2  2  136.0196  0.0412  15  1  2
1  1  17  3  2  134.451  0.0412  15  1  2
1  1  17  4  2  132.8824  0.0412  15  1  2
1  1  17  5  2  131.3137  0.0412  15  1  2
1  1  17  6  2  129.7451  0.0412  15  1  2
1  1  17  7  2  128.7647  0.0412  15  1  2
1  1  17  8  2  128.3725  0.0412  15  1  2
1  1  17  9  2  127.9804  0.0412  15  1  2
1  1  17  10  2  127.5882  0.0412  15  1  2
1  1  17  11  2  127.1961  0.0412  15  1  2
1  1  17  12  2  126.8039  0.0412  15  1  2
1  1  17  13  2  126.4118  0.0412  15  1  2
1  1  17  14  2  126.0196  0.0412  15  1  2
1  1  17  15  2  125.6275  0.0412  15  1  2
1  1  17  16  2  125.2353  0.0412  15  1  2
1  1  17  17  2  124.2549  0.0412  15  1  2
1  1  17  18  2  122.6863  0.0412  15  1  2
1  1  17  19  2  121.1176  0.0412  15  1  2
1  1  17  20  2  119.549  0.0412  15  1  2
1  1  17  21  2  117.9804  0.0412  15  1  2
1  1  17  22  2  117  0.0412  15  1  2
1  1  18  1  2  137  0.0412  15  1  2
1  1  18  2  2  136.0196  0.0412  15  1  2
1  1  18  3  2  134.451  0.0412  15  1  2
1  1  18  4  2  132.8824  0.0412  15  1  2
1  1  18  5  2  131.3137  0.0412  15  1  2
1  1  18  6  2  129.7451  0.0412  15  1  2
1  1  18  7  2  128.7647  0.0412  15  1  2
1  1  18  8  2  128.3725  0.0412  15  1  2
1  1  18  9  2  127.9804  0.0412  15  1  2
1  1  18  10  2  127.5882  0.0412  15  1  2
1  1  18  11  2  127.1961  0.0412  15  1  2
1  1  18  12  2  126.8039  0.0412  15  1  2
1  1  18  13  2  126.4118  0.0412  15  1  2
1  1  18  14  2  126.0196  0.0412  15  1  2
1  1  18  15  2  125.6275  0.0412  15  1  2
1  1  18  16  2  125.2353  0.0412  15  1  2
1  1  18  17  2  124.2549  0.0412  15  1  2
1  1  18  18  2  122.6863  0.0412  15  1  2
1  1  18  19  2  121.1176  0.0412  15  1  2
1  1  18  20  2  119.549  0.0412  15  1  2
1  1  18  21  2  117.9804  0.0412  15  1  2
1  1  18  22  2  117  0.0412  15  1  2
1  1  19  1  2  137  0.0412  15  1  2
1  1  19  2  2  136.0196  0.0412  15  1  2
1  1  19  3  2  134.451  0.0412  15  1  2
1  1  19  4  2  132.8824  0.0412  15  1  2
1  1  19  5  2  131.3137  0.0412  15  1  2
1  1  19  6  2  129.7451  0.0412  15  1  2
1  1  19  7  2  128.7647  0.0412  15  1  2
1  1  19  8  2  128.3725  0.0412  15  1  2
1  1  19  9  2  127.9804  0.0412  15  1  2
1  1  19  10  2  127.5882  0.0412  15  1  2
1  1  19  11  2  127.1961  0.0412  15  1  2
1  1  19  12  2  126.8039  0.0412  15  1  2
1  1  19  13  2  126.4118  0.0412  15  1  2
1  1  19  14  2  126.0196  0.0412  15  1  2
1  1  19  15  2  125.6275  0.0412  15  1  2
1  1  19  16  2  125.2353  0.0412  15  1  2
1  1  19  17  2  124.2549  0.0412  15  1  2
1  1  19  18  2  122.6863  0.0412  15  1  2
1  1  19  19  2  121.1176  0.0412  15  1  2
1  1  19  20  2  119.549  0.0412  15  1  2
1  1  19  21  2  117.9804  0.0412  15  1  2
1  1  19  22  2  117  0.0412  15  1  2
1  1  20  1  2  137  0.0412  15  1  2
1  1  20  2  2  136.0196  0.0412  15  1  2
1  1  20  3  2  134.451  0.0412  15  1  2
1  1  20  4  2  132.8824  0.0412  15  1  2
1  1  20  5  2  131.3137  0.0412  15  1  2
1  1  20  6  2  129.7451  0.0412  15  1  2
1  1  20  7  2  128.7647  0.0412  15  1  2
1  1  20  8  2  128.3725  0.0412  15  1  2
1  1  20  9  2  127.9804  0.0412  15  1  2
1  1  20  10  2  127.5882  0.0412  15  1  2
1  1  20  11  2  127.1961  0.0412  15  1  2
1  1  20  12  2  126.8039  0.0412  15  1  2
1  1  20  13  2  126.4118  0.0412  15  1  2
1  1  20  14  2  126.0196  0.0412  15  1  2
1  1  20  15  2  125.6275  0.0412  15  1  2
1  1  20  16  2  125.2353  0.0412  15  1  2
1  1  20  17  2  124.2549  0.0412  15  1  2
1  1  20  18  2  122.6863  0.0412  15  1  2
1  1  20  19  2  121.1176  0.0412  15  1  2
1  1  20  20  2  119.549  0.0412  15  1  2
1  1  20  21  2  117.9804  0.0412  15  1  2
1  1  20  22  2  117  0.0412  15  1  2
1  1  21  1  2  137  0.0412  15  1  2
1  1  21  2  2  136.0196  0.0412  15  1  2
1  1  21  3  2  134.451  0.0412  15  1  2
1  1  21  4  2  132.8824  0.0412  15  1  2
1  1  21  5  2  131.3137  0.0412  15  1  2
1  1  21  6  2  129.7451  0.0412  15  1  2
1  1  21  7  2  128.7647  0.0412  15  1  2
1  1  21  8  2  128.3725  0.0412  15  1  2
1  1  21  9  2  127.9804  0.0412  15  1  2
1  1  21  10  2  127.5882  0.0412  15  1  2
1  1  21  11  2  127.1961  0.0412  15  1  2
1  1  21  12  2  126.8039  0.0412  15  1  2
1  1  21  13  2  126.4118  0.0412  15  1  2
1  1  21  14  2  126.0196  0.0412  15  1  2
1  1  21  15  2  125.6275  0.0412  15  1  2
1  1  21  16  2  125.2353  0.0412  15  1  2
1  1  21  17  2  124.2549  0.0412  15  1  2
1  1  21  18  2  122.6863  0.0412  15  1  2
1  1  21  19  2  121.1176  0.0412  15  1  2
1  1  21  20  2  119.549  0.0412  15  1  2
1  1  21  21  2  117.9804  0.0412  15  1  2
1  1  21  22  2  117  0.0412  15  1  2
1  1  22  1  2  137  0.0412  15  1  2
1  1  22  2  2  136.0196  0.0412  15  1  2
1  1  22  3  2  134.451  0.0412  15  1  2
1  1  22  4  2  132.8824  0.0412  15  1  2
1  1  22  5  2  131.3137  0.0412  15  1  2
1  1  22  6  2  129.7451  0.0412  15  1  2
1  1  22  7  2  128.7647  0.0412  15  1  2
1  1  22  8  2  128.3725  0.0412  15  1  2
1  1  22  9  2  127.9804  0.0412  15  1  2
1  1  22  10  2  127.5882  0.0412  15  1  2
1  1  22  11  2  127.1961  0.0412  15  1  2
1  1  22  12  2  126.8039  0.0412  15  1  2
1  1  22  13  2  126.4118  0.0412  15  1  2
1  1  22  14  2  126.0196  0.0412  15  1  2
1  1  22  15  2  125.6275  0.0412  15  1  2
1  1  22  16  2  125.2353  0.0412  15  1  2
1  1  22  17  2  124.2549  0.0412  15  1  2
1  1  22  18  2  122.6863  0.0412  15  1  2
1  1  22  19  2  121.1176  0.0412  15  1  2
1  1  22  20  2  119.549  0.0412  15  1  2
1  1  22  21  2  117.9804  0.0412  15  1  2
1  1  22  22  2  117  0.0412  15  1  2
2  1  1  1  2  137  0.0141  15  1  2
2  1  1  2  2  136.0196  0.0141  15  1  2
2  1  1  3  2  134.451  0.0141  15  1  2
2  1  1  4  2  132.8824  0.0141  15  1  2
2  1  1  5  2  131.3137  0.0141  15  1  2
2  1  1  6  2  129.7451  0.0141  15  1  2
2  1  1  7  2  128.7647  0.0141  15  1  2
2  1  1  8  2  128.3725  0.0141  15  1  2
2  1  1  9  2  127.9804  0.0141  15  1  2
2  1  1  10  2  127.5882  0.0141  15  1  2
2  1  1  11  2  127.1961  0.0141  15  1  2
2  1  1  12  2  126.8039  0.0141  15  1  2
2  1  1  13  2  126.4118  0.0141  15  1  2
2  1  1  14  2  126.0196  0.0141  15  1  2
2  1  1  15  2  125.6275  0.0141  15  1  2
2  1  1  16  2  125.2353  0.0141  15  1  2
2  1  1  17  2  124.2549  0.0141  15  1  2
2  1  1  18  2  122.6863  0.0141  15  1  2
2  1  1  19  2  121.1176  0.0141  15  1  2
2  1  1  20  2  119.549  0.0141  15  1  2
2  1  1  21  2  117.9804  0.0141  15  1  2
2  1  1  22  2  117  0.0141  15  1  2
2  1  2  1  2  137  0.0141  15  1  2
2  1  2  2  2  136.0196  0.0141  15  1  2
2  1  2  3  2  134.451  0.0141  15  1  2
2  1  2  4  2  132.8824  0.0141  15  1  2
2  1  2  5  2  131.3137  0.0141  15  1  2
2  1  2  6  2  129.7451  0.0141  15  1  2
2  1  2  7  2  128.7647  0.0141  15  1  2
2  1  2  8  2  128.3725  0.0141  15  1  2
2  1  2  9  2  127.9804  0.0141  15  1  2
2  1  2  10  2  127.5882  0.0141  15  1  2
2  1  2  11  2  127.1961  0.0141  15  1  2
2  1  2  12  2  126.8039  0.0141  15  1  2
2  1  2  13  2  126.4118  0.0141  15  1  2
2  1  2  14  2  126.0196  0.0141  15  1  2
2  1  2  15  2  125.6275  0.0141  15  1  2
2  1  2  16  2  125.2353  0.0141  15  1  2
2  1  2  17  2  124.2549  0.0141  15  1  2
2  1  2  18  2  122.6863  0.0141  15  1  2
2  1  2  19  2  121.1176  0.0141  15  1  2
2  1  2  20  2  119.549  0.0141  15  1  2
2  1  2  21  2  117.9804  0.0141  15  1  2
2  1  2  22  2  117  0.0141  15  1  2
2  1  3  1  2  137  0.0141  15  1  2
2  1  3  2  2  136.0196  0.0141  15  1  2
2  1  3  3  2  134.451  0.0141  15  1  2
2  1  3  4  2  132.8824  0.0141  15  1  2
2  1  3  5  2  131.3137  0.0141  15  1  2
2  1  3  6  2  129.7451  0.0141  15  1  2
2  1  3  7  2  128.7647  0.0141  15  1  2
2  1  3  8  2  128.3725  0.0141  15  1  2
2  1  3  9  2  127.9804  0.0141  15  1  2
2  1  3  10  2  127.5882  0.0141  15  1  2
2  1  3  11  2  127.1961  0.0141  15  1  2
2  1  3  12  2  126.8039  0.0141  15  1  2
2  1  3  13  2  126.4118  0.0141  15  1  2
2  1  3  14  2  126.0196  0.0141  15  1  2
2  1  3  15  2  125.6275  0.0141  15  1  2
2  1  3  16  2  125.2353  0.0141  15  1  2
2  1  3  17  2  124.2549  0.0141  15  1  2
2  1  3  18  2  122.6863  0.0141  15  1  2
2  1  3  19  2  121.1176  0.0141  15  1  2
2  1  3  20  2  119.549  0.0141  15  1  2
2  1  3  21  2  117.9804  0.0141  15  1  2
2  1  3  22  2  117  0.0141  15  1  2
2  1  4  1  2  137  0.0141  15  1  2
2  1  4  2  2  136.0196  0.0141  15  1  2
2  1  4  3  2  134.451  0.0141  15  1  2
2  1  4  4  2  132.8824  0.0141  15  1  2
2  1  4  5  2  131.3137  0.0141  15  1  2
2  1  4  6  2  129.7451  0.0141  15  1  2
2  1  4  7  2  128.7647  0.0141  15  1  2
2  1  4  8  2  128.3725  0.0141  15  1  2
2  1  4  9  2  127.9804  0.0141  15  1  2
2  1  4  10  2  127.5882  0.0141  15  1  2
2  1  4  11  2  127.1961  0.0141  15  1  2
2  1  4  12  2  126.8039  0.0141  15  1  2
2  1  4  13  2  126.4118  0.0141  15  1  2
2  1  4  14  2  126.0196  0.0141  15  1  2
2  1  4  15  2  125.6275  0.0141  15  1  2
2  1  4  16  2  125.2353  0.0141  15  1  2
2  1  4  17  2  124.2549  0.0141  15  1  2
2  1  4  18  2  122.6863  0.0141  15  1  2
2  1  4  19  2  121.1176  0.0141  15  1  2
2  1  4  20  2  119.549  0.0141  15  1  2
2  1  4  21  2  117.9804  0.0141  15  1  2
2  1  4  22  2  117  0.0141  15  1  2
2  1  5  1  2  137  0.0141  15  1  2
2  1  5  2  2  136.0196  0.0141  15  1  2
2  1  5  3  2  134.451  0.0141  15  1  2
2  1  5  4  2  132.8824  0.0141  15  1  2
2  1  5  5  2  131.3137  0.0141  15  1  2
2  1  5  6  2  129.7451  0.0141  15  1  2
2  1  5  7  2  128.7647  0.0141  15  1  2
2  1  5  8  2  128.3725  0.0141  15  1  2
2  1  5  9  2  127.9804  0.0141  15  1  2
2  1  5  10  2  127.5882  0.0141  15  1  2
2  1  5  11  2  127.1961  0.0141  15  1  2
2  1  5  12  2  126.8039  0.0141  15  1  2
2  1  5  13  2  126.4118  0.0141  15  1  2
2  1  5  14  2  126.0196  0.0141  15  1  2
2  1  5  15  2  125.6275  0.0141  15  1  2
2  1  5  16  2  125.2353  0.0141  15  1  2
2  1  5  17  2  124.2549  0.0141  15  1  2
2  1  5  18  2  122.6863  0.0141  15  1  2
2  1  5  19  2  121.1176  0.0141  15  1  2
2  1  5  20  2  119.549  0.0141  15  1  2
2  1  5  21  2  117.9804  0.0141  15  1  2
2  1  5  22  2  117  0.0141  15  1  2
2  1  6  1  2  137  0.0141  15  1  2
2  1  6  2  2  136.0196  0.0141  15  1  2
2  1  6  3  2  134.451  0.0141  15  1  2
2  1  6  4  2  132.8824  0.0141  15  1  2
2  1  6  5  2  131.3137  0.0141  15  1  2
2  1  6  6  2  129.7451  0.0141  15  1  2
2  1  6  7  2  128.7647  0.0141  15  1  2
2  1  6  8  2  128.3725  0.0141  15  1  2
2  1  6  9  2  127.9804  0.0141  15  1  2
2  1  6  10  2  127.5882  0.0141  15  1  2
2  1  6  11  2  127.1961  0.0141  15  1  2
2  1  6  12  2  126.8039  0.0141  15  1  2
2  1  6  13  2  126.4118  0.0141  15  1  2
2  1  6  14  2  126.0196  0.0141  15  1  2
2  1  6  15  2  125.6275  0.0141  15  1  2
2  1  6  16  2  125.2353  0.0141  15  1  2
2  1  6  17  2  124.2549  0.0141  15  1  2
2  1  6  18  2  122.6863  0.0141  15  1  2
2  1  6  19  2  121.1176  0.0141  15  1  2
2  1  6  20  2  119.549  0.0141  15  1  2
2  1  6  21  2  117.9804  0.0141  15  1  2
2  1  6  22  2  117  0.0141  15  1  2
2  1  7  1  2  137  0.0141  15  1  2
2  1  7  2  2  136.0196  0.0141  15  1  2
2  1  7  3  2  134.451  0.0141  15  1  2
2  1  7  4  2  132.8824  0.0141  15  1  2
2  1  7  5  2  131.3137  0.0141  15  1  2
2  1  7  6  2  129.7451  0.0141  15  1  2
2  1  7  17  2  124.2549  0.0141  15  1  2
2  1  7  18  2  122.6863  0.0141  15  1  2
2  1  7  19  2  121.1176  0.0141  15  1  2
2  1  7  20  2  119.549  0.0141  15  1  2
2  1  7  21  2  117.9804  0.0141  15  1  2
2  1  7  22  2  117  0.0141  15  1  2
2  1  8  1  2  137  0.0141  15  1  2
2  1  8  2  2  136.0196  0.0141  15  1  2
2  1  8  3  2  134.451  0.0141  15  1  2
2  1  8  4  2  132.8824  0.0141  15  1  2
2  1  8  5  2  131.3137  0.0141  15  1  2
2  1  8  6  2  129.7451  0.0141  15  1  2
2  1  8  17  2  124.2549  0.0141  15  1  2
2  1  8  18  2  122.6863  0.0141  15  1  2
2  1  8  19  2  121.1176  0.0141  15  1  2
2  1  8  20  2  119.549  0.0141  15  1  2
2  1  8  21  2  117.9804  0.0141  15  1  2
2  1  8  22  2  117  0.0141  15  1  2
2  1  9  1  2  137  0.0141  15  1  2
2  1  9  2  2  136.0196  0.0141  15  1  2
2  1  9  3  2  134.451  0.0141  15  1  2
2  1  9  4  2  132.8824  0.0141  15  1  2
2  1  9  5  2  131.3137  0.0141  15  1  2
2  1  9  6  2  129.7451  0.0141  15  1  2
2  1  9  17  2  124.2549  0.0141  15  1  2
2  1  9  18  2  122.6863  0.0141  15  1  2
2  1  9  19  2  121.1176  0.0141  15  1  2
2  1  9  20  2  119.549  0.0141  15  1  2
2  1  9  21  2  117.9804  0.0141  15  1  2
2  1  9  22  2  117  0.0141  15  1  2
2  1  10  1  2  137  0.0141  15  1  2
2  1  10  2  2  136.0196  0.0141  15  1  2
2  1  10  3  2  134.451  0.0141  15  1  2
2  1  10  4  2  132.8824  0.0141  15  1  2
2  1  10  5  2  131.3137  0.0141  15  1  2
2  1  10  6  2  129.7451  0.0141  15  1  2
2  1  10  17  2  124.2549  0.0141  15  1  2
2  1  10  18  2  122.6863  0.0141  15  1  2
2  1  10  19  2  121.1176  0.0141  15  1  2
2  1  10  20  2  119.549  0.0141  15  1  2
2  1  10  21  2  117.9804  0.0141  15  1  2
2  1  10  22  2  117  0.0141  15  1  2
2  1  11  1  2  137  0.0141  15  1  2
2  1  11  2  2  136.0196  0.0141  15  1  2
2  1  11  3  2  134.451  0.0141  15  1  2
2  1  11  4  2  132.8824  0.0141  15  1  2
2  1  11  5  2  131.3137  0.0141  15  1  2
2  1  11  6  2  129.7451  0.0141  15  1  2
2  1  11  17  2  124.2549  0.0141  15  1  2
2  1  11  18  2  122.6863  0.0141  15  1  2
2  1  11  19  2  121.1176  0.0141  15  1  2
2  1  11  20  2  119.549  0.0141  15  1  2
2  1  11  21  2  117.9804  0.0141  15  1  2
2  1  11  22  2  117  0.0141  15  1  2
2  1  12  1  2  137  0.0141  15  1  2
2  1  12  2  2  136.0196  0.0141  15  1  2
2  1  12  3  2  134.451  0.0141  15  1  2
2  1  12  4  2  132.8824  0.0141  15  1  2
2  1  12  5  2  131.3137  0.0141  15  1  2
2  1  12  6  2  129.7451  0.0141  15  1  2
2  1  12  17  2  124.2549  0.0141  15  1  2
2  1  12  18  2  122.6863  0.0141  15  1  2
2  1  12  19  2  121.1176  0.0141  15  1  2
2  1  12  20  2  119.549  0.0141  15  1  2
2  1  12  21  2  117.9804  0.0141  15  1  2
2  1  12  22  2  117  0.0141  15  1  2
2  1  13  1  2  137  0.0141  15  1  2
2  1  13  2  2  136.0196  0.0141  15  1  2
2  1  13  3  2  134.451  0.0141  15  1  2
2  1  13  4  2  132.8824  0.0141  15  1  2
2  1  13  5  2  131.3137  0.0141  15  1  2
2  1  13  6  2  129.7451  0.0141  15  1  2
2  1  13  17  2  124.2549  0.0141  15  1  2
2  1  13  18  2  122.6863  0.0141  15  1  2
2  1  13  19  2  121.1176  0.0141  15  1  2
2  1  13  20  2  119.549  0.0141  15  1  2
2  1  13  21  2  117.9804  0.0141  15  1  2
2  1  13  22  2  117  0.0141  15  1  2
2  1  14  1  2  137  0.0141  15  1  2
2  1  14  2  2  136.0196  0.0141  15  1  2
2  1  14  3  2  134.451  0.0141  15  1  2
2  1  14  4  2  132.8824  0.0141  15  1  2
2  1  14  5  2  131.3137  0.0141  15  1  2
2  1  14  6  2  129.7451  0.0141  15  1  2
2  1  14  17  2  124.2549  0.0141  15  1  2
2  1  14  18  2  122.6863  0.0141  15  1  2
2  1  14  19  2  121.1176  0.0141  15  1  2
2  1  14  20  2  119.549  0.0141  15  1  2
2  1  14  21  2  117.9804  0.0141  15  1  2
2  1  14  22  2  117  0.0141  15  1  2
2  1  15  1  2  137  0.0141  15  1  2
2  1  15  2  2  136.0196  0.0141  15  1  2
2  1  15  3  2  134.451  0.0141  15  1  2
2  1  15  4  2  132.8824  0.0141  15  1  2
2  1  15  5  2  131.3137  0.0141  15  1  2
2  1  15  6  2  129.7451  0.0141  15  1  2
2  1  15  17  2  124.2549  0.0141  15  1  2
2  1  15  18  2  122.6863  0.0141  15  1  2
2  1  15  19  2  121.1176  0.0141  15  1  2
2  1  15  20  2  119.549  0.0141  15  1  2
2  1  15  21  2  117.9804  0.0141  15  1  2
2  1  15  22  2  117  0.0141  15  1  2
2  1  16  1  2  137  0.0141  15  1  2
2  1  16  2  2  136.0196  0.0141  15  1  2
2  1  16  3  2  134.451  0.0141  15  1  2
2  1  16  4  2  132.8824  0.0141  15  1  2
2  1  16  5  2  131.3137  0.0141  15  1  2
2  1  16  6  2  129.7451  0.0141  15  1  2
2  1  16  17  2  124.2549  0.0141  15  1  2
2  1  16  18  2  122.6863  0.0141  15  1  2
2  1  16  19  2  121.1176  0.0141  15  1  2
2  1  16  20  2  119.549  0.0141  15  1  2
2  1  16  21  2  117.9804  0.0141  15  1  2
2  1  16  22  2  117  0.0141  15  1  2
2  1  17  1  2  137  0.0141  15  1  2
2  1  17  2  2  136.0196  0.0141  15  1  2
2  1  17  3  2  134.451  0.0141  15  1  2
2  1  17  4  2  132.8824  0.0141  15  1  2
2  1  17  5  2  131.3137  0.0141  15  1  2
2  1  17  6  2  129.7451  0.0141  15  1  2
2  1  17  7  2  128.7647  0.0141  15  1  2
2  1  17  8  2  128.3725  0.0141  15  1  2
2  1  17  9  2  127.9804  0.0141  15  1  2
2  1  17  10  2  127.5882  0.0141  15  1  2
2  1  17  11  2  127.1961  0.0141  15  1  2
2  1  17  12  2  126.8039  0.0141  15  1  2
2  1  17  13  2  126.4118  0.0141  15  1  2
2  1  17  14  2  126.0196  0.0141  15  1  2
2  1  17  15  2  125.6275  0.0141  15  1  2
2  1  17  16  2  125.2353  0.0141  15  1  2
2  1  17  17  2  124.2549  0.0141  15  1  2
2  1  17  18  2  122.6863  0.0141  15  1  2
2  1  17  19  2  121.1176  0.0141  15  1  2
2  1  17  20  2  119.549  0.0141  15  1  2
2  1  17  21  2  117.9804  0.0141  15  1  2
2  1  17  22  2  117  0.0141  15  1  2
2  1  18  1  2  137  0.0141  15  1  2
2  1  18  2  2  136.0196  0.0141  15  1  2
2  1  18  3  2  134.451  0.0141  15  1  2
2  1  18  4  2  132.8824  0.0141  15  1  2
2  1  18  5  2  131.3137  0.0141  15  1  2
2  1  18  6  2  129.7451  0.0141  15  1  2
2  1  18  7  2  128.7647  0.0141  15  1  2
2  1  18  8  2  128.3725  0.0141  15  1  2
2  1  18  9  2  127.9804  0.0141  15  1  2
2  1  18  10  2  127.5882  0.0141  15  1  2
2  1  18  11  2  127.1961  0.0141  15  1  2
2  1  18  12  2  126.8039  0.0141  15  1  2
2  1  18  13  2  126.4118  0.0141  15  1  2
2  1  18  14  2  126.0196  0.0141  15  1  2
2  1  18  15  2  125.6275  0.0141  15  1  2
2  1  18  16  2  125.2353  0.0141  15  1  2
2  1  18  17  2  124.2549  0.0141  15  1  2
2  1  18  18  2  122.6863  0.0141  15  1  2
2  1  18  19  2  121.1176  0.0141  15  1  2
2  1  18  20  2  119.549  0.0141  15  1  2
2  1  18  21  2  117.9804  0.0141  15  1  2
2  1  18  22  2  117  0.0141  15  1  2
2  1  19  1  2  137  0.0141  15  1  2
2  1  19  2  2  136.0196  0.0141  15  1  2
2  1  19  3  2  134.451  0.0141  15  1  2
2  1  19  4  2  132.8824  0.0141  15  1  2
2  1  19  5  2  131.3137  0.0141  15  1  2
2  1  19  6  2  129.7451  0.0141  15  1  2
2  1  19  7  2  128.7647  0.0141  15  1  2
2  1  19  8  2  128.3725  0.0141  15  1  2
2  1  19  9  2  127.9804  0.0141  15  1  2
2  1  19  10  2  127.5882  0.0141  15  1  2
2  1  19  11  2  127.1961  0.0141  15  1  2
2  1  19  12  2  126.8039  0.0141  15  1  2
2  1  19  13  2  126.4118  0.0141  15  1  2
2  1  19  14  2  126.0196  0.0141  15  1  2
2  1  19  15  2  125.6275  0.0141  15  1  2
2  1  19  16  2  125.2353  0.0141  15  1  2
2  1  19  17  2  124.2549  0.0141  15  1  2
2  1  19  18  2  122.6863  0.0141  15  1  2
2  1  19  19  2  121.1176  0.0141  15  1  2
2  1  19  20  2  119.549  0.0141  15  1  2
2  1  19  21  2  117.9804  0.0141  15  1  2
2  1  19  22  2  117  0.0141  15  1  2
2  1  20  1  2  137  0.0141  15  1  2
2  1  20  2  2  136.0196  0.0141  15  1  2
2  1  20  3  2  134.451  0.0141  15  1  2
2  1  20  4  2  132.8824  0.0141  15  1  2
2  1  20  5  2  131.3137  0.0141  15  1  2
2  1  20  6  2  129.7451  0.0141  15  1  2
2  1  20  7  2  128.7647  0.0141  15  1  2
2  1  20  8  2  128.3725  0.0141  15  1  2
2  1  20  9  2  127.9804  0.0141  15  1  2
2  1  20  10  2  127.5882  0.0141  15  1  2
2  1  20  11  2  127.1961  0.0141  15  1  2
2  1  20  12  2  126.8039  0.0141  15  1  2
2  1  20  13  2  126.4118  0.0141  15  1  2
2  1  20  14  2  126.0196  0.0141  15  1  2
2  1  20  15  2  125.6275  0.0141  15  1  2
2  1  20  16  2  125.2353  0.0141  15  1  2
2  1  20  17  2  124.2549  0.0141  15  1  2
2  1  20  18  2  122.6863  0.0141  15  1  2
2  1  20  19  2  121.1176  0.0141  15  1  2
2  1  20  20  2  119.549  0.0141  15  1  2
2  1  20  21  2  117.9804  0.0141  15  1  2
2  1  20  22  2  117  0.0141  15  1  2
2  1  21  1  2  137  0.0141  15  1  2
2  1  21  2  2  136.0196  0.0141  15  1  2
2  1  21  3  2  134.451  0.0141  15  1  2
2  1  21  4  2  132.8824  0.0141  15  1  2
2  1  21  5  2  131.3137  0.0141  15  1  2
2  1  21  6  2  129.7451  0.0141  15  1  2
2  1  21  7  2  128.7647  0.0141  15  1  2
2  1  21  8  2  128.3725  0.0141  15  1  2
2  1  21  9  2  127.9804  0.0141  15  1  2
2  1  21  10  2  127.5882  0.0141  15  1  2
2  1  21  11  2  127.1961  0.0141  15  1  2
2  1  21  12  2  126.8039  0.0141  15  1  2
2  1  21  13  2  126.4118  0.0141  15  1  2
2  1  21  14  2  126.0196  0.0141  15  1  2
2  1  21  15  2  125.6275  0.0141  15  1  2
2  1  21  16  2  125.2353  0.0141  15  1  2
2  1  21  17  2  124.2549  0.0141  15  1  2
2  1  21  18  2  122.6863  0.0141  15  1  2
2  1  21  19  2  121.1176  0.0141  15  1  2
2  1  21  20  2  119.549  0.0141  15  1  2
2  1  21  21  2  117.9804  0.0141  15  1  2
2  1  21  22  2  117  0.0141  15  1  2
2  1  22  1  2  137  0.0141  15  1  2
2  1  22  2  2  136.0196  0.0141  15  1  2
2  1  22  3  2  134.451  0.0141  15  1  2
2  1  22  4  2  132.8824  0.0141  15  1  2
2  1  22  5  2  131.3137  0.0141  15  1  2
2  1  22  6  2  129.7451  0.0141  15  1  2
2  1  22  7  2  128.7647  0.0141  15  1  2
2  1  22  8  2  128.3725  0.0141  15  1  2
2  1  22  9  2  127.9804  0.0141  15  1  2
2  1  22  10  2  127.5882  0.0141  15  1  2
2  1  22  11  2  127.1961  0.0141  15  1  2
2  1  22  12  2  126.8039  0.0141  15  1  2
2  1  22  13  2  126.4118  0.0141  15  1  2
2  1  22  14  2  126.0196  0.0141  15  1  2
2  1  22  15  2  125.6275  0.0141  15  1  2
2  1  22  16  2  125.2353  0.0141  15  1  2
2  1  22  17  2  124.2549  0.0141  15  1  2
2  1  22  18  2  122.6863  0.0141  15  1  2
2  1  22  19  2  121.1176  0.0141  15  1  2
2  1  22  20  2  119.549  0.0141  15  1  2
2  1  22  21  2  117.9804  0.0141  15  1  2
2  1  22  22  2  117  0.0141  15  1  2
