SEGMID  CELLID  ILYR  IROW  ICOL  LEN  BTM  BWDT  SIZH1  SIZH2  BVK  BTK  SLP  NDC
1  1  1  11  2  1000  133.5196  50  2  2  0.01  0.5  0.001568627  3.23E-05
1  2  1  11  3  500  131.951  50  2  2  0.01  0.5  0.001568627  3.23E-05
2  1  1  4  3  1000  131.951  50  2  2  0.01  0.5  0.001568627  3.23E-05
2  2  1  5  3  1000  131.951  50  2  2  0.01  0.5  0.001568627  3.23E-05
2  3  1  6  3  1000  131.951  50  2  2  0.01  0.5  0.001568627  3.23E-05
2  4  1  7  3  250  131.951  50  2  2  0.01  0.5  0.001568627  3.23E-05
2  5  1  8  3  250  131.951  50  2  2  0.01  0.5  0.001568627  3.23E-05
2  6  1  9  3  250  131.951  50  2  2  0.01  0.5  0.001568627  3.23E-05
2  7  1  10  3  250  131.951  50  2  2  0.01  0.5  0.001568627  3.23E-05
2  8  1  11  3  125  131.951  50  2  2  0.01  0.5  0.001568627  3.23E-05
3  1  1  11  3  500  131.951  50  2  2  0.01  0.5  0.001568627  3.23E-05
3  2  1  11  4  1000  130.3824  50  2  2  0.01  0.5  0.001568627  3.23E-05
3  3  1  11  5  500  128.8137  50  2  2  0.01  0.5  0.001568627  3.23E-05
4  1  1  19  5  1000  128.8137  50  2  2  0.01  0.5  0.001568627  3.23E-05
4  2  1  18  5  1000  128.8137  50  2  2  0.01  0.5  0.001568627  3.23E-05
4  3  1  17  5  1000  128.8137  50  2  2  0.01  0.5  0.001568627  3.23E-05
4  4  1  16  5  250  128.8137  50  2  2  0.01  0.5  0.001568627  3.23E-05
4  5  1  15  5  250  128.8137  50  2  2  0.01  0.5  0.001568627  3.23E-05
4  6  1  14  5  250  128.8137  50  2  2  0.01  0.5  0.001568627  3.23E-05
4  7  1  13  5  250  128.8137  50  2  2  0.01  0.5  0.001568627  3.23E-05
4  8  1  12  5  250  128.8137  50  2  2  0.01  0.5  0.001568627  3.23E-05
4  9  1  11  5  125  128.8137  50  2  2  0.01  0.5  0.001568627  3.23E-05
5  1  1  11  5  500  128.8137  50  2  2  0.01  0.5  0.001568627  3.23E-05
5  2  1  11  6  1000  127.2451  50  2  2  0.01  0.5  0.001568627  3.23E-05
6  1  1  12  17  1000  121.7549  50  2  2  0.01  0.5  0.001568627  3.23E-05
6  2  1  12  18  1000  120.1863  50  2  2  0.01  0.5  0.001568627  3.23E-05
6  3  1  12  19  1000  118.6176  50  2  2  0.01  0.5  0.001568627  3.23E-05
6  4  1  12  20  1000  117.049  50  2  2  0.01  0.5  0.001568627  3.23E-05
6  5  1  12  21  1000  115.4804  50  2  2  0.01  0.5  0.001568627  3.23E-05
