ILYR  IROW  ICOL  IBOUND  CELLTOP  CELLBOT  TRANSM  HK  VCONT  SC1  SC2  WETDRY  SHEAD
1  1  1  1  21.0  0.0  10000.0  0.0  0.0  0.2  0.0  0.0  0.0
1  1  2  1  21.0  0.0  10000.0  0.0  0.0  0.2  0.0  0.0  0.0
1  1  3  1  21.0  0.0  10000.0  0.0  0.0  0.2  0.0  0.0  0.0
1  1  4  1  21.0  0.0  10000.0  0.0  0.0  0.2  0.0  0.0  0.0
1  1  5  1  21.0  0.0  10000.0  0.0  0.0  0.2  0.0  0.0  0.0
1  1  6  1  21.0  0.0  10000.0  0.0  0.0  0.2  0.0  0.0  0.0
1  1  7  1  21.0  0.0  10000.0  0.0  0.0  0.2  0.0  0.0  0.0
1  1  8  1  21.0  0.0  10000.0  0.0  0.0  0.2  0.0  0.0  0.0
1  1  9  1  21.0  0.0  10000.0  0.0  0.0  0.2  0.0  0.0  0.0
1  1  10  1  21.0  0.0  10000.0  0.0  0.0  0.2  0.0  0.0  0.0
1  1  11  1  21.0  0.0  10000.0  0.0  0.0  0.2  0.0  0.0  0.0
1  1  12  1  21.0  0.0  10000.0  0.0  0.0  0.2  0.0  0.0  0.0
1  2  1  1  21.0  0.0  10000.0  0.0  0.0  0.2  0.0  0.0  0.0
1  2  2  1  21.0  0.0  10000.0  0.0  0.0  0.2  0.0  0.0  0.0
1  2  3  1  21.0  0.0  10000.0  0.0  0.0  0.2  0.0  0.0  0.0
1  2  4  1  21.0  0.0  10000.0  0.0  0.0  0.2  0.0  0.0  0.0
1  2  5  1  21.0  0.0  10000.0  0.0  0.0  0.2  0.0  0.0  0.0
1  2  6  1  21.0  0.0  10000.0  0.0  0.0  0.2  0.0  0.0  0.0
1  2  7  1  21.0  0.0  10000.0  0.0  0.0  0.2  0.0  0.0  0.0
1  2  8  1  21.0  0.0  10000.0  0.0  0.0  0.2  0.0  0.0  0.0
1  2  9  1  21.0  0.0  10000.0  0.0  0.0  0.2  0.0  0.0  0.0
1  2  10  1  21.0  0.0  10000.0  0.0  0.0  0.2  0.0  0.0  0.0
1  2  11  1  21.0  0.0  10000.0  0.0  0.0  0.2  0.0  0.0  0.0
1  2  12  1  21.0  0.0  10000.0  0.0  0.0  0.2  0.0  0.0  0.0
1  3  1  1  21.0  0.0  10000.0  0.0  0.0  0.2  0.0  0.0  0.0
1  3  2  1  21.0  0.0  10000.0  0.0  0.0  0.2  0.0  0.0  0.0
1  3  3  1  21.0  0.0  10000.0  0.0  0.0  0.2  0.0  0.0  0.0
1  3  4  1  21.0  0.0  10000.0  0.0  0.0  0.2  0.0  0.0  0.0
1  3  5  1  21.0  0.0  10000.0  0.0  0.0  0.2  0.0  0.0  0.0
1  3  6  1  21.0  0.0  10000.0  0.0  0.0  0.2  0.0  0.0  0.0
1  3  7  1  21.0  0.0  10000.0  0.0  0.0  0.2  0.0  0.0  0.0
1  3  8  1  21.0  0.0  10000.0  0.0  0.0  0.2  0.0  0.0  0.0
1  3  9  1  21.0  0.0  10000.0  0.0  0.0  0.2  0.0  0.0  0.0
1  3  10  1  21.0  0.0  10000.0  0.0  0.0  0.2  0.0  0.0  0.0
1  3  11  1  21.0  0.0  10000.0  0.0  0.0  0.2  0.0  0.0  0.0
1  3  12  1  21.0  0.0  10000.0  0.0  0.0  0.2  0.0  0.0  0.0
1  4  1  1  21.0  0.0  10000.0  0.0  0.0  0.2  0.0  0.0  0.0
1  4  2  1  21.0  0.0  10000.0  0.0  0.0  0.2  0.0  0.0  0.0
1  4  3  1  21.0  0.0  10000.0  0.0  0.0  0.2  0.0  0.0  0.0
1  4  4  1  21.0  0.0  10000.0  0.0  0.0  0.2  0.0  0.0  0.0
1  4  5  1  21.0  0.0  10000.0  0.0  0.0  0.2  0.0  0.0  0.0
1  4  6  1  21.0  0.0  10000.0  0.0  0.0  0.2  0.0  0.0  0.0
1  4  7  1  21.0  0.0  10000.0  0.0  0.0  0.2  0.0  0.0  0.0
1  4  8  1  21.0  0.0  10000.0  0.0  0.0  0.2  0.0  0.0  0.0
1  4  9  1  21.0  0.0  10000.0  0.0  0.0  0.2  0.0  0.0  0.0
1  4  10  1  21.0  0.0  10000.0  0.0  0.0  0.2  0.0  0.0  0.0
1  4  11  1  21.0  0.0  10000.0  0.0  0.0  0.2  0.0  0.0  0.0
1  4  12  1  21.0  0.0  10000.0  0.0  0.0  0.2  0.0  0.0  0.0
1  5  1  1  21.0  0.0  10000.0  0.0  0.0  0.2  0.0  0.0  0.0
1  5  2  1  21.0  0.0  10000.0  0.0  0.0  0.2  0.0  0.0  0.0
1  5  3  1  21.0  0.0  10000.0  0.0  0.0  0.2  0.0  0.0  0.0
1  5  4  1  21.0  0.0  10000.0  0.0  0.0  0.2  0.0  0.0  0.0
1  5  5  1  21.0  0.0  10000.0  0.0  0.0  0.2  0.0  0.0  0.0
1  5  6  1  21.0  0.0  10000.0  0.0  0.0  0.2  0.0  0.0  0.0
1  5  7  1  21.0  0.0  10000.0  0.0  0.0  0.2  0.0  0.0  0.0
1  5  8  1  21.0  0.0  10000.0  0.0  0.0  0.2  0.0  0.0  0.0
1  5  9  1  21.0  0.0  10000.0  0.0  0.0  0.2  0.0  0.0  0.0
1  5  10  1  21.0  0.0  10000.0  0.0  0.0  0.2  0.0  0.0  0.0
1  5  11  1  21.0  0.0  10000.0  0.0  0.0  0.2  0.0  0.0  0.0
1  5  12  1  21.0  0.0  10000.0  0.0  0.0  0.2  0.0  0.0  0.0
1  6  1  1  21.0  0.0  10000.0  0.0  0.0  0.2  0.0  0.0  0.0
1  6  2  1  21.0  0.0  10000.0  0.0  0.0  0.2  0.0  0.0  0.0
1  6  3  1  21.0  0.0  10000.0  0.0  0.0  0.2  0.0  0.0  0.0
1  6  4  1  21.0  0.0  10000.0  0.0  0.0  0.2  0.0  0.0  0.0
1  6  5  1  21.0  0.0  10000.0  0.0  0.0  0.2  0.0  0.0  0.0
1  6  6  1  21.0  0.0  10000.0  0.0  0.0  0.2  0.0  0.0  0.0
1  6  7  1  21.0  0.0  10000.0  0.0  0.0  0.2  0.0  0.0  0.0
1  6  8  1  21.0  0.0  10000.0  0.0  0.0  0.2  0.0  0.0  0.0
1  6  9  1  21.0  0.0  10000.0  0.0  0.0  0.2  0.0  0.0  0.0
1  6  10  1  21.0  0.0  10000.0  0.0  0.0  0.2  0.0  0.0  0.0
1  6  11  1  21.0  0.0  10000.0  0.0  0.0  0.2  0.0  0.0  0.0
1  6  12  1  21.0  0.0  10000.0  0.0  0.0  0.2  0.0  0.0  0.0
1  7  1  1  21.0  0.0  10000.0  0.0  0.0  0.2  0.0  0.0  0.0
1  7  2  1  21.0  0.0  10000.0  0.0  0.0  0.2  0.0  0.0  0.0
1  7  3  1  21.0  0.0  10000.0  0.0  0.0  0.2  0.0  0.0  0.0
1  7  4  1  21.0  0.0  10000.0  0.0  0.0  0.2  0.0  0.0  0.0
1  7  5  1  21.0  0.0  10000.0  0.0  0.0  0.2  0.0  0.0  0.0
1  7  6  1  21.0  0.0  10000.0  0.0  0.0  0.2  0.0  0.0  0.0
1  7  7  1  21.0  0.0  10000.0  0.0  0.0  0.2  0.0  0.0  0.0
1  7  8  1  21.0  0.0  10000.0  0.0  0.0  0.2  0.0  0.0  0.0
1  7  9  1  21.0  0.0  10000.0  0.0  0.0  0.2  0.0  0.0  0.0
1  7  10  1  21.0  0.0  10000.0  0.0  0.0  0.2  0.0  0.0  0.0
1  7  11  1  21.0  0.0  10000.0  0.0  0.0  0.2  0.0  0.0  0.0
1  7  12  1  21.0  0.0  10000.0  0.0  0.0  0.2  0.0  0.0  0.0
1  8  1  1  21.0  0.0  10000.0  0.0  0.0  0.2  0.0  0.0  0.0
1  8  2  1  21.0  0.0  10000.0  0.0  0.0  0.2  0.0  0.0  0.0
1  8  3  1  21.0  0.0  10000.0  0.0  0.0  0.2  0.0  0.0  0.0
1  8  4  1  21.0  0.0  10000.0  0.0  0.0  0.2  0.0  0.0  0.0
1  8  5  1  21.0  0.0  10000.0  0.0  0.0  0.2  0.0  0.0  0.0
1  8  6  1  21.0  0.0  10000.0  0.0  0.0  0.2  0.0  0.0  0.0
1  8  7  1  21.0  0.0  10000.0  0.0  0.0  0.2  0.0  0.0  0.0
1  8  8  1  21.0  0.0  10000.0  0.0  0.0  0.2  0.0  0.0  0.0
1  8  9  1  21.0  0.0  10000.0  0.0  0.0  0.2  0.0  0.0  0.0
1  8  10  1  21.0  0.0  10000.0  0.0  0.0  0.2  0.0  0.0  0.0
1  8  11  1  21.0  0.0  10000.0  0.0  0.0  0.2  0.0  0.0  0.0
1  8  12  1  21.0  0.0  10000.0  0.0  0.0  0.2  0.0  0.0  0.0
1  9  1  1  21.0  0.0  10000.0  0.0  0.0  0.2  0.0  0.0  0.0
1  9  2  1  21.0  0.0  10000.0  0.0  0.0  0.2  0.0  0.0  0.0
1  9  3  1  21.0  0.0  10000.0  0.0  0.0  0.2  0.0  0.0  0.0
1  9  4  1  21.0  0.0  10000.0  0.0  0.0  0.2  0.0  0.0  0.0
1  9  5  1  21.0  0.0  10000.0  0.0  0.0  0.2  0.0  0.0  0.0
1  9  6  1  21.0  0.0  10000.0  0.0  0.0  0.2  0.0  0.0  0.0
1  9  7  1  21.0  0.0  10000.0  0.0  0.0  0.2  0.0  0.0  0.0
1  9  8  1  21.0  0.0  10000.0  0.0  0.0  0.2  0.0  0.0  0.0
1  9  9  1  21.0  0.0  10000.0  0.0  0.0  0.2  0.0  0.0  0.0
1  9  10  1  21.0  0.0  10000.0  0.0  0.0  0.2  0.0  0.0  0.0
1  9  11  1  21.0  0.0  10000.0  0.0  0.0  0.2  0.0  0.0  0.0
1  9  12  1  21.0  0.0  10000.0  0.0  0.0  0.2  0.0  0.0  0.0
1  10  1  1  21.0  0.0  10000.0  0.0  0.0  0.2  0.0  0.0  0.0
1  10  2  1  21.0  0.0  10000.0  0.0  0.0  0.2  0.0  0.0  0.0
1  10  3  1  21.0  0.0  10000.0  0.0  0.0  0.2  0.0  0.0  0.0
1  10  4  1  21.0  0.0  10000.0  0.0  0.0  0.2  0.0  0.0  0.0
1  10  5  1  21.0  0.0  10000.0  0.0  0.0  0.2  0.0  0.0  0.0
1  10  6  1  21.0  0.0  10000.0  0.0  0.0  0.2  0.0  0.0  0.0
1  10  7  1  21.0  0.0  10000.0  0.0  0.0  0.2  0.0  0.0  0.0
1  10  8  1  21.0  0.0  10000.0  0.0  0.0  0.2  0.0  0.0  0.0
1  10  9  1  21.0  0.0  10000.0  0.0  0.0  0.2  0.0  0.0  0.0
1  10  10  1  21.0  0.0  10000.0  0.0  0.0  0.2  0.0  0.0  0.0
1  10  11  1  21.0  0.0  10000.0  0.0  0.0  0.2  0.0  0.0  0.0
1  10  12  1  21.0  0.0  10000.0  0.0  0.0  0.2  0.0  0.0  0.0
1  11  1  1  21.0  0.0  10000.0  0.0  0.0  0.2  0.0  0.0  0.0
1  11  2  1  21.0  0.0  10000.0  0.0  0.0  0.2  0.0  0.0  0.0
1  11  3  1  21.0  0.0  10000.0  0.0  0.0  0.2  0.0  0.0  0.0
1  11  4  1  21.0  0.0  10000.0  0.0  0.0  0.2  0.0  0.0  0.0
1  11  5  1  21.0  0.0  10000.0  0.0  0.0  0.2  0.0  0.0  0.0
1  11  6  1  21.0  0.0  10000.0  0.0  0.0  0.2  0.0  0.0  0.0
1  11  7  1  21.0  0.0  10000.0  0.0  0.0  0.2  0.0  0.0  0.0
1  11  8  1  21.0  0.0  10000.0  0.0  0.0  0.2  0.0  0.0  0.0
1  11  9  1  21.0  0.0  10000.0  0.0  0.0  0.2  0.0  0.0  0.0
1  11  10  1  21.0  0.0  10000.0  0.0  0.0  0.2  0.0  0.0  0.0
1  11  11  1  21.0  0.0  10000.0  0.0  0.0  0.2  0.0  0.0  0.0
1  11  12  1  21.0  0.0  10000.0  0.0  0.0  0.2  0.0  0.0  0.0
1  12  1  1  21.0  0.0  10000.0  0.0  0.0  0.2  0.0  0.0  0.0
1  12  2  1  21.0  0.0  10000.0  0.0  0.0  0.2  0.0  0.0  0.0
1  12  3  1  21.0  0.0  10000.0  0.0  0.0  0.2  0.0  0.0  0.0
1  12  4  1  21.0  0.0  10000.0  0.0  0.0  0.2  0.0  0.0  0.0
1  12  5  1  21.0  0.0  10000.0  0.0  0.0  0.2  0.0  0.0  0.0
1  12  6  1  21.0  0.0  10000.0  0.0  0.0  0.2  0.0  0.0  0.0
1  12  7  1  21.0  0.0  10000.0  0.0  0.0  0.2  0.0  0.0  0.0
1  12  8  1  21.0  0.0  10000.0  0.0  0.0  0.2  0.0  0.0  0.0
1  12  9  1  21.0  0.0  10000.0  0.0  0.0  0.2  0.0  0.0  0.0
1  12  10  1  21.0  0.0  10000.0  0.0  0.0  0.2  0.0  0.0  0.0
1  12  11  1  21.0  0.0  10000.0  0.0  0.0  0.2  0.0  0.0  0.0
1  12  12  1  21.0  0.0  10000.0  0.0  0.0  0.2  0.0  0.0  0.0
