RESID  CELLID  ILYR  IROW  ICOL  BTM  BVK  BTK
1  1  1  3  5  6.0  1.0  2.0
1  2  1  3  6  7.0  1.0  2.0
1  3  1  3  7  8.0  1.0  2.0
1  4  1  3  8  9.0  1.0  2.0
1  5  1  3  9  10.0  1.0  2.0
1  6  1  3  10  10.0  1.0  2.0
1  7  1  4  4  6.0  1.0  2.0
1  8  1  4  5  6.0  1.0  2.0
1  9  1  4  6  7.0  1.0  2.0
1  10  1  4  7  8.0  1.0  2.0
1  11  1  4  8  9.0  1.0  2.0
1  12  1  4  9  10.0  1.0  2.0
1  13  1  4  10  10.0  1.0  2.0
1  14  1  5  4  6.0  1.0  2.0
1  15  1  5  5  6.0  1.0  2.0
1  16  1  5  6  7.0  1.0  2.0
1  17  1  5  7  8.0  1.0  2.0
1  18  1  5  8  9.0  1.0  2.0
1  19  1  5  9  10.0  1.0  2.0
1  20  1  5  10  10.0  1.0  2.0
1  21  1  6  4  6.0  1.0  2.0
1  22  1  6  5  6.0  1.0  2.0
1  23  1  6  6  7.0  1.0  2.0
1  24  1  6  7  8.0  1.0  2.0
1  25  1  6  8  9.0  1.0  2.0
1  26  1  6  9  10.0  1.0  2.0
1  27  1  6  10  10.0  1.0  2.0
1  28  1  6  11  21.0  1.0  2.0
1  29  1  7  4  6.0  1.0  2.0
1  30  1  7  5  6.0  1.0  2.0
1  31  1  7  6  7.0  1.0  2.0
1  32  1  7  7  8.0  1.0  2.0
1  33  1  7  8  9.0  1.0  2.0
1  34  1  7  9  10.0  1.0  2.0
1  35  1  7  10  10.0  1.0  2.0
1  36  1  8  4  6.0  1.0  2.0
1  37  1  8  5  6.0  1.0  2.0
1  38  1  8  6  7.0  1.0  2.0
1  39  1  8  7  8.0  1.0  2.0
1  40  1  8  8  9.0  1.0  2.0
1  41  1  8  9  10.0  1.0  2.0
1  42  1  8  10  10.0  1.0  2.0
1  43  1  9  5  6.0  1.0  2.0
1  44  1  9  6  7.0  1.0  2.0
1  45  1  9  7  8.0  1.0  2.0
1  46  1  9  8  9.0  1.0  2.0
1  47  1  9  9  10.0  1.0  2.0
1  48  1  9  10  10.0  1.0  2.0
