ILYR  IROW  ICOL  DELEV  COND  SEGMID
1  8  11  5.375  2500  8
1  8  18  3.625  2500  9
1  8  5  6.875  2500  7
1  8  6  6.625  2500  7
1  8  7  6.375  2500  7
1  8  8  6.125  2500  7
1  8  3  7.375  2500  7
1  8  10  5.625  2500  8
1  7  18  3.625  2500  9
1  8  12  5.125  2500  8
1  8  13  4.875  2500  8
1  8  14  4.625  2500  9
1  8  15  4.375  2500  9
1  8  16  4.125  2500  9
1  7  3  7.375  2500  7
1  8  9  5.875  2500  8
1  7  11  5.375  2500  8
1  10  18  3.625  2500  9
1  7  5  6.875  2500  7
1  7  6  6.625  2500  7
1  7  7  6.375  2500  7
1  7  8  6.125  2500  7
1  8  4  7.125  2500  7
1  7  10  5.625  2500  8
1  9  3  7.375  2500  7
1  7  12  5.125  2500  8
1  7  13  4.875  2500  8
1  7  14  4.625  2500  9
1  7  15  4.375  2500  9
1  7  16  4.125  2500  9
1  7  17  3.875  2500  9
1  7  9  5.875  2500  8
1  10  11  5.375  2500  8
1  8  17  3.875  2500  9
1  10  5  6.875  2500  7
1  10  6  6.625  2500  7
1  10  7  6.375  2500  7
1  10  8  6.125  2500  7
1  10  3  7.375  2500  7
1  10  10  5.625  2500  8
1  9  18  3.625  2500  9
1  10  12  5.125  2500  8
1  10  13  4.875  2500  8
1  10  14  4.625  2500  9
1  10  15  4.375  2500  9
1  10  16  4.125  2500  9
1  3  3  7.375  2500  7
1  10  9  5.875  2500  8
1  9  11  5.375  2500  8
1  9  4  7.125  2500  7
1  9  5  6.875  2500  7
1  9  6  6.625  2500  7
1  9  7  6.375  2500  7
1  9  8  6.125  2500  7
1  10  4  7.125  2500  7
1  9  10  5.625  2500  8
1  6  18  3.625  2500  9
1  9  12  5.125  2500  8
1  9  13  4.875  2500  8
1  9  14  4.625  2500  9
1  9  15  4.375  2500  9
1  9  16  4.125  2500  9
1  9  17  3.875  2500  9
1  9  9  5.875  2500  8
1  4  11  5.375  2500  8
1  4  18  3.625  2500  9
1  4  5  6.875  2500  7
1  4  6  6.625  2500  7
1  4  7  6.375  2500  7
1  4  8  6.125  2500  7
1  4  3  7.375  2500  7
1  4  10  5.625  2500  8
1  3  18  3.625  2500  9
1  4  12  5.125  2500  8
1  4  13  4.875  2500  8
1  4  14  4.625  2500  9
1  4  15  4.375  2500  9
1  4  16  4.125  2500  9
1  7  4  7.125  2500  7
1  4  9  5.875  2500  8
1  3  11  5.375  2500  8
1  3  4  7.125  2500  7
1  3  5  6.875  2500  7
1  3  6  6.625  2500  7
1  3  7  6.375  2500  7
1  3  8  6.125  2500  7
1  4  4  7.125  2500  7
1  3  10  5.625  2500  8
1  5  3  7.375  2500  7
1  3  12  5.125  2500  8
1  3  13  4.875  2500  8
1  3  14  4.625  2500  9
1  3  15  4.375  2500  9
1  3  16  4.125  2500  9
1  3  17  3.875  2500  9
1  3  9  5.875  2500  8
1  6  11  5.375  2500  8
1  4  17  3.875  2500  9
1  6  5  6.875  2500  7
1  6  6  6.625  2500  7
1  6  7  6.375  2500  7
1  6  8  6.125  2500  7
1  6  3  7.375  2500  7
1  6  10  5.625  2500  8
1  5  18  3.625  2500  9
1  6  12  5.125  2500  8
1  6  13  4.875  2500  8
1  6  14  4.625  2500  9
1  6  15  4.375  2500  9
1  6  16  4.125  2500  9
1  6  17  3.875  2500  9
1  6  9  5.875  2500  8
1  5  11  5.375  2500  8
1  5  4  7.125  2500  7
1  5  5  6.875  2500  7
1  5  6  6.625  2500  7
1  5  7  6.375  2500  7
1  5  8  6.125  2500  7
1  6  4  7.125  2500  7
1  5  10  5.625  2500  8
1  11  3  7.375  2500  7
1  5  12  5.125  2500  8
1  5  13  4.875  2500  8
1  5  14  4.625  2500  9
1  5  15  4.375  2500  9
1  5  16  4.125  2500  9
1  5  17  3.875  2500  9
1  5  9  5.875  2500  8
1  16  11  5.375  2500  8
1  16  18  3.625  2500  9
1  16  5  6.875  2500  7
1  16  6  6.625  2500  7
1  16  7  6.375  2500  7
1  16  8  6.125  2500  7
1  16  3  7.375  2500  7
1  16  10  5.625  2500  8
1  15  18  3.625  2500  9
1  16  12  5.125  2500  8
1  16  13  4.875  2500  8
1  16  14  4.625  2500  9
1  16  15  4.375  2500  9
1  16  16  4.125  2500  9
1  15  3  7.375  2500  7
1  16  9  5.875  2500  8
1  15  11  5.375  2500  8
1  10  17  3.875  2500  9
1  15  5  6.875  2500  7
1  15  6  6.625  2500  7
1  15  7  6.375  2500  7
1  15  8  6.125  2500  7
1  16  4  7.125  2500  7
1  15  10  5.625  2500  8
1  17  3  7.375  2500  7
1  15  12  5.125  2500  8
1  15  13  4.875  2500  8
1  15  14  4.625  2500  9
1  15  15  4.375  2500  9
1  15  16  4.125  2500  9
1  15  17  3.875  2500  9
1  15  9  5.875  2500  8
1  18  11  5.375  2500  8
1  16  17  3.875  2500  9
1  18  5  6.875  2500  7
1  18  6  6.625  2500  7
1  18  7  6.375  2500  7
1  18  8  6.125  2500  7
1  18  3  7.375  2500  7
1  18  10  5.625  2500  8
1  17  18  3.625  2500  9
1  18  12  5.125  2500  8
1  18  13  4.875  2500  8
1  18  14  4.625  2500  9
1  18  15  4.375  2500  9
1  18  16  4.125  2500  9
1  18  17  3.875  2500  9
1  18  9  5.875  2500  8
1  17  11  5.375  2500  8
1  17  4  7.125  2500  7
1  17  5  6.875  2500  7
1  17  6  6.625  2500  7
1  17  7  6.375  2500  7
1  17  8  6.125  2500  7
1  18  4  7.125  2500  7
1  17  10  5.625  2500  8
1  14  18  3.625  2500  9
1  17  12  5.125  2500  8
1  17  13  4.875  2500  8
1  17  14  4.625  2500  9
1  17  15  4.375  2500  9
1  17  16  4.125  2500  9
1  17  17  3.875  2500  9
1  17  9  5.875  2500  8
1  12  11  5.375  2500  8
1  12  18  3.625  2500  9
1  12  5  6.875  2500  7
1  12  6  6.625  2500  7
1  12  7  6.375  2500  7
1  12  8  6.125  2500  7
1  12  3  7.375  2500  7
1  12  10  5.625  2500  8
1  11  18  3.625  2500  9
1  12  12  5.125  2500  8
1  12  13  4.875  2500  8
1  12  14  4.625  2500  9
1  12  15  4.375  2500  9
1  12  16  4.125  2500  9
1  15  4  7.125  2500  7
1  12  9  5.875  2500  8
1  11  11  5.375  2500  8
1  11  4  7.125  2500  7
1  11  5  6.875  2500  7
1  11  6  6.625  2500  7
1  11  7  6.375  2500  7
1  11  8  6.125  2500  7
1  12  4  7.125  2500  7
1  11  10  5.625  2500  8
1  13  3  7.375  2500  7
1  11  12  5.125  2500  8
1  11  13  4.875  2500  8
1  11  14  4.625  2500  9
1  11  15  4.375  2500  9
1  11  16  4.125  2500  9
1  11  17  3.875  2500  9
1  11  9  5.875  2500  8
1  14  11  5.375  2500  8
1  12  17  3.875  2500  9
1  14  5  6.875  2500  7
1  14  6  6.625  2500  7
1  14  7  6.375  2500  7
1  14  8  6.125  2500  7
1  14  3  7.375  2500  7
1  14  10  5.625  2500  8
1  13  18  3.625  2500  9
1  14  12  5.125  2500  8
1  14  13  4.875  2500  8
1  14  14  4.625  2500  9
1  14  15  4.375  2500  9
1  14  16  4.125  2500  9
1  14  17  3.875  2500  9
1  14  9  5.875  2500  8
1  13  11  5.375  2500  8
1  13  4  7.125  2500  7
1  13  5  6.875  2500  7
1  13  6  6.625  2500  7
1  13  7  6.375  2500  7
1  13  8  6.125  2500  7
1  14  4  7.125  2500  7
1  13  10  5.625  2500  8
1  18  18  3.625  2500  9
1  13  12  5.125  2500  8
1  13  13  4.875  2500  8
1  13  14  4.625  2500  9
1  13  15  4.375  2500  9
1  13  16  4.125  2500  9
1  13  17  3.875  2500  9
1  13  9  5.875  2500  8
