SEGMID  CELLID  ILYR  IROW  ICOL  LEN  BTM  BWDT  SIZH1  SIZH2  BVK  BTK  SLP  NDC
1  1  1  2  2  250  11.3625  5  1  1  0.05  0.2  0.0005  2.31481481481481E-07
1  2  1  2  3  300  11.225  5  1  1  0.05  0.2  0.0005  2.31481481481481E-07
2  1  1  2  3  200  11.1  5  1  1  0.05  0.2  0.0005  2.31481481481481E-07
2  2  1  2  4  500  10.925  5  1  1  0.05  0.2  0.0005  2.31481481481481E-07
2  3  1  2  5  500  10.675  5  1  1  0.05  0.2  0.0005  2.31481481481481E-07
2  4  1  2  6  500  10.425  5  1  1  0.05  0.2  0.0005  2.31481481481481E-07
2  5  1  2  7  500  10.175  5  1  1  0.05  0.2  0.0005  2.31481481481481E-07
2  6  1  2  8  300  9.975  5  1  1  0.05  0.2  0.0005  2.31481481481481E-07
3  1  1  2  8  200  9.85  5  1  1  0.05  0.2  0.0005  2.31481481481481E-07
3  2  1  2  9  500  9.675  5  1  1  0.05  0.2  0.0005  2.31481481481481E-07
3  3  1  2  10  500  9.425  5  1  1  0.05  0.2  0.0005  2.31481481481481E-07
3  4  1  2  11  500  9.175  5  1  1  0.05  0.2  0.0005  2.31481481481481E-07
3  5  1  2  12  500  8.925  5  1  1  0.05  0.2  0.0005  2.31481481481481E-07
3  6  1  2  13  300  8.725  5  1  1  0.05  0.2  0.0005  2.31481481481481E-07
4  1  1  2  3  250  11.125  3  1  1  0.05  0.2  0.0002  2.31481481481481E-07
4  2  1  3  3  500  11.05  3  1  1  0.05  0.2  0.0002  2.31481481481481E-07
4  3  1  4  3  500  10.95  3  1  1  0.05  0.2  0.0002  2.31481481481481E-07
4  4  1  5  3  500  10.85  3  1  1  0.05  0.2  0.0002  2.31481481481481E-07
4  5  1  6  3  500  10.75  3  1  1  0.05  0.2  0.0002  2.31481481481481E-07
4  6  1  7  3  500  10.65  3  1  1  0.05  0.2  0.0002  2.31481481481481E-07
4  7  1  8  3  500  10.55  3  1  1  0.05  0.2  0.0002  2.31481481481481E-07
4  8  1  9  3  500  10.45  3  1  1  0.05  0.2  0.0002  2.31481481481481E-07
4  9  1  10  3  500  10.35  3  1  1  0.05  0.2  0.0002  2.31481481481481E-07
4  10  1  11  3  500  10.25  3  1  1  0.05  0.2  0.0002  2.31481481481481E-07
4  11  1  12  3  500  10.15  3  1  1  0.05  0.2  0.0002  2.31481481481481E-07
4  12  1  13  3  500  10.05  3  1  1  0.05  0.2  0.0002  2.31481481481481E-07
4  13  1  14  3  500  9.95  3  1  1  0.05  0.2  0.0002  2.31481481481481E-07
4  14  1  15  3  500  9.85  3  1  1  0.05  0.2  0.0002  2.31481481481481E-07
4  15  1  16  3  500  9.75  3  1  1  0.05  0.2  0.0002  2.31481481481481E-07
4  16  1  17  3  500  9.65  3  1  1  0.05  0.2  0.0002  2.31481481481481E-07
4  17  1  18  3  500  9.55  3  1  1  0.05  0.2  0.0002  2.31481481481481E-07
5  1  1  2  8  250  9.875  3  1  1  0.05  0.2  0.0002  2.31481481481481E-07
5  2  1  3  8  500  9.8  3  1  1  0.05  0.2  0.0002  2.31481481481481E-07
5  3  1  4  8  500  9.7  3  1  1  0.05  0.2  0.0002  2.31481481481481E-07
5  4  1  5  8  500  9.6  3  1  1  0.05  0.2  0.0002  2.31481481481481E-07
5  5  1  6  8  500  9.5  3  1  1  0.05  0.2  0.0002  2.31481481481481E-07
5  6  1  7  8  500  9.4  3  1  1  0.05  0.2  0.0002  2.31481481481481E-07
5  7  1  8  8  500  9.3  3  1  1  0.05  0.2  0.0002  2.31481481481481E-07
5  8  1  9  8  500  9.2  3  1  1  0.05  0.2  0.0002  2.31481481481481E-07
5  9  1  10  8  500  9.1  3  1  1  0.05  0.2  0.0002  2.31481481481481E-07
5  10  1  11  8  500  9  3  1  1  0.05  0.2  0.0002  2.31481481481481E-07
5  11  1  12  8  500  8.9  3  1  1  0.05  0.2  0.0002  2.31481481481481E-07
5  12  1  13  8  500  8.8  3  1  1  0.05  0.2  0.0002  2.31481481481481E-07
5  13  1  14  8  500  8.7  3  1  1  0.05  0.2  0.0002  2.31481481481481E-07
5  14  1  15  8  500  8.6  3  1  1  0.05  0.2  0.0002  2.31481481481481E-07
5  15  1  16  8  500  8.5  3  1  1  0.05  0.2  0.0002  2.31481481481481E-07
5  16  1  17  8  500  8.4  3  1  1  0.05  0.2  0.0002  2.31481481481481E-07
5  17  1  18  8  500  8.3  3  1  1  0.05  0.2  0.0002  2.31481481481481E-07
6  1  1  2  13  250  8.625  3  1  1  0.05  0.2  0.0002  2.31481481481481E-07
6  2  1  3  13  500  8.55  3  1  1  0.05  0.2  0.0002  2.31481481481481E-07
6  3  1  4  13  500  8.45  3  1  1  0.05  0.2  0.0002  2.31481481481481E-07
6  4  1  5  13  500  8.35  3  1  1  0.05  0.2  0.0002  2.31481481481481E-07
6  5  1  6  13  500  8.25  3  1  1  0.05  0.2  0.0002  2.31481481481481E-07
6  6  1  7  13  500  8.15  3  1  1  0.05  0.2  0.0002  2.31481481481481E-07
6  7  1  8  13  500  8.05  3  1  1  0.05  0.2  0.0002  2.31481481481481E-07
6  8  1  9  13  500  7.95  3  1  1  0.05  0.2  0.0002  2.31481481481481E-07
6  9  1  10  13  500  7.85  3  1  1  0.05  0.2  0.0002  2.31481481481481E-07
6  10  1  11  13  500  7.75  3  1  1  0.05  0.2  0.0002  2.31481481481481E-07
6  11  1  12  13  500  7.65  3  1  1  0.05  0.2  0.0002  2.31481481481481E-07
6  12  1  13  13  500  7.55  3  1  1  0.05  0.2  0.0002  2.31481481481481E-07
6  13  1  14  13  500  7.45  3  1  1  0.05  0.2  0.0002  2.31481481481481E-07
6  14  1  15  13  500  7.35  3  1  1  0.05  0.2  0.0002  2.31481481481481E-07
6  15  1  16  13  500  7.25  3  1  1  0.05  0.2  0.0002  2.31481481481481E-07
6  16  1  17  13  500  7.15  3  1  1  0.05  0.2  0.0002  2.31481481481481E-07
6  17  1  18  13  500  7.05  3  1  1  0.05  0.2  0.0002  2.31481481481481E-07
7  1  1  3  8  500  5.1  3  1  1  5  1  0.0002  3.47222222222222E-07
7  2  1  4  8  500  5  3  1  1  5  1  0.0002  3.47222222222222E-07
7  3  1  5  8  500  4.9  3  1  1  5  1  0.0002  3.47222222222222E-07
7  4  1  6  8  500  4.8  3  1  1  5  1  0.0002  3.47222222222222E-07
7  5  1  7  8  500  4.7  3  1  1  5  1  0.0002  3.47222222222222E-07
7  6  1  8  8  500  4.6  3  1  1  5  1  0.0002  3.47222222222222E-07
7  7  1  9  8  500  4.5  3  1  1  5  1  0.0002  3.47222222222222E-07
7  8  1  10  8  500  4.4  3  1  1  5  1  0.0002  3.47222222222222E-07
7  9  1  11  8  500  4.3  3  1  1  5  1  0.0002  3.47222222222222E-07
7  10  1  12  8  500  4.2  3  1  1  5  1  0.0002  3.47222222222222E-07
7  11  1  13  8  500  4.1  3  1  1  5  1  0.0002  3.47222222222222E-07
7  12  1  14  8  500  4  3  1  1  5  1  0.0002  3.47222222222222E-07
7  13  1  15  8  500  3.9  3  1  1  5  1  0.0002  3.47222222222222E-07
7  14  1  16  8  500  3.8  3  1  1  5  1  0.0002  3.47222222222222E-07
7  15  1  17  8  500  3.7  3  1  1  5  1  0.0002  3.47222222222222E-07
7  16  1  18  8  500  3.6  3  1  1  5  1  0.0002  3.47222222222222E-07
7  17  1  19  8  250  3.525  3  1  1  5  1  0.0002  3.47222222222222E-07
8  1  1  3  13  500  3.85  3  1  1  5  1  0.0002  3.47222222222222E-07
8  2  1  4  13  500  3.75  3  1  1  5  1  0.0002  3.47222222222222E-07
8  3  1  5  13  500  3.65  3  1  1  5  1  0.0002  3.47222222222222E-07
8  4  1  6  13  500  3.55  3  1  1  5  1  0.0002  3.47222222222222E-07
8  5  1  7  13  500  3.45  3  1  1  5  1  0.0002  3.47222222222222E-07
8  6  1  8  13  500  3.35  3  1  1  5  1  0.0002  3.47222222222222E-07
8  7  1  9  13  500  3.25  3  1  1  5  1  0.0002  3.47222222222222E-07
8  8  1  10  13  500  3.15  3  1  1  5  1  0.0002  3.47222222222222E-07
8  9  1  11  13  500  3.05  3  1  1  5  1  0.0002  3.47222222222222E-07
8  10  1  12  13  500  2.95  3  1  1  5  1  0.0002  3.47222222222222E-07
8  11  1  13  13  500  2.85  3  1  1  5  1  0.0002  3.47222222222222E-07
8  12  1  14  13  500  2.75  3  1  1  5  1  0.0002  3.47222222222222E-07
8  13  1  15  13  500  2.65  3  1  1  5  1  0.0002  3.47222222222222E-07
8  14  1  16  13  500  2.55  3  1  1  5  1  0.0002  3.47222222222222E-07
8  15  1  17  13  500  2.45  3  1  1  5  1  0.0002  3.47222222222222E-07
8  16  1  18  13  500  2.35  3  1  1  5  1  0.0002  3.47222222222222E-07
8  17  1  19  13  250  2.275  3  1  1  5  1  0.0002  3.47222222222222E-07
9  1  1  3  18  500  2.6  3  1  1  5  1  0.0002  3.47222222222222E-07
9  2  1  4  18  500  2.5  3  1  1  5  1  0.0002  3.47222222222222E-07
9  3  1  5  18  500  2.4  3  1  1  5  1  0.0002  3.47222222222222E-07
9  4  1  6  18  500  2.3  3  1  1  5  1  0.0002  3.47222222222222E-07
9  5  1  7  18  500  2.2  3  1  1  5  1  0.0002  3.47222222222222E-07
9  6  1  8  18  500  2.1  3  1  1  5  1  0.0002  3.47222222222222E-07
9  7  1  9  18  500  2  3  1  1  5  1  0.0002  3.47222222222222E-07
9  8  1  10  18  500  1.9  3  1  1  5  1  0.0002  3.47222222222222E-07
9  9  1  11  18  500  1.8  3  1  1  5  1  0.0002  3.47222222222222E-07
9  10  1  12  18  500  1.7  3  1  1  5  1  0.0002  3.47222222222222E-07
9  11  1  13  18  500  1.6  3  1  1  5  1  0.0002  3.47222222222222E-07
9  12  1  14  18  500  1.5  3  1  1  5  1  0.0002  3.47222222222222E-07
9  13  1  15  18  500  1.4  3  1  1  5  1  0.0002  3.47222222222222E-07
9  14  1  16  18  500  1.3  3  1  1  5  1  0.0002  3.47222222222222E-07
9  15  1  17  18  500  1.2  3  1  1  5  1  0.0002  3.47222222222222E-07
9  16  1  18  18  500  1.1  3  1  1  5  1  0.0002  3.47222222222222E-07
9  17  1  19  18  250  1.025  3  1  1  5  1  0.0002  3.47222222222222E-07
10  1  1  19  8  300  3.425  5  1  1  5  1  0.0005  3.47222222222222E-07
10  2  1  19  9  500  3.225  5  1  1  5  1  0.0005  3.47222222222222E-07
10  3  1  19  10  500  2.975  5  1  1  5  1  0.0005  3.47222222222222E-07
10  4  1  19  11  500  2.725  5  1  1  5  1  0.0005  3.47222222222222E-07
10  5  1  19  12  500  2.475  5  1  1  5  1  0.0005  3.47222222222222E-07
10  6  1  19  13  200  2.3  5  1  1  5  1  0.0005  3.47222222222222E-07
11  1  1  19  13  300  2.175  5  1  1  5  1  0.0005  3.47222222222222E-07
11  2  1  19  14  500  1.975  5  1  1  5  1  0.0005  3.47222222222222E-07
11  3  1  19  15  500  1.725  5  1  1  5  1  0.0005  3.47222222222222E-07
11  4  1  19  16  500  1.475  5  1  1  5  1  0.0005  3.47222222222222E-07
11  5  1  19  17  500  1.225  5  1  1  5  1  0.0005  3.47222222222222E-07
11  6  1  19  18  200  1.05  5  1  1  5  1  0.0005  3.47222222222222E-07
12  1  1  19  18  300  0.925  5  1  1  5  1  0.0005  3.47222222222222E-07
12  2  1  19  19  250  0.7875  5  1  1  5  1  0.0005  3.47222222222222E-07
