LAKEID  CELLID  ILYR  IROW  ICOL  BTM  LNK  SC1  SC2
1  1  1  10  15  109  0.1  0  0
1  2  1  11  16  113  0.1  0  0
1  3  1  9  14  105  0.1  0  0
1  4  1  9  15  109  0.1  0  0
1  5  1  9  16  113  0.1  0  0
1  6  1  10  7  113  0.1  0  0
1  7  1  10  8  109  0.1  0  0
1  8  1  10  9  105  0.1  0  0
1  9  1  10  10  101  0.1  0  0
1  10  1  10  11  101  0.1  0  0
1  11  1  10  12  101  0.1  0  0
1  12  1  9  12  105  0.1  0  0
1  13  1  10  14  105  0.1  0  0
1  14  1  9  11  105  0.1  0  0
1  15  1  10  16  113  0.1  0  0
1  16  1  11  7  113  0.1  0  0
1  17  1  11  8  109  0.1  0  0
1  18  1  11  9  105  0.1  0  0
1  19  1  11  10  101  0.1  0  0
1  20  1  11  11  97  0.1  0  0
1  21  1  11  12  97  0.1  0  0
1  22  1  11  13  101  0.1  0  0
1  23  1  11  14  105  0.1  0  0
1  24  1  7  7  113  0.1  0  0
1  25  1  10  13  101  0.1  0  0
1  26  1  8  10  109  0.1  0  0
1  27  1  7  8  113  0.1  0  0
1  28  1  7  9  113  0.1  0  0
1  29  1  7  10  113  0.1  0  0
1  30  1  7  11  113  0.1  0  0
1  31  1  7  12  113  0.1  0  0
1  32  1  7  13  113  0.1  0  0
1  33  1  7  14  113  0.1  0  0
1  34  1  7  15  113  0.1  0  0
1  35  1  7  16  113  0.1  0  0
1  36  1  8  7  113  0.1  0  0
1  37  1  9  13  105  0.1  0  0
1  38  1  8  9  109  0.1  0  0
1  39  1  12  7  113  0.1  0  0
1  40  1  8  11  109  0.1  0  0
1  41  1  8  12  109  0.1  0  0
1  42  1  8  13  109  0.1  0  0
1  43  1  8  14  109  0.1  0  0
1  44  1  8  15  109  0.1  0  0
1  45  1  8  16  113  0.1  0  0
1  46  1  9  7  113  0.1  0  0
1  47  1  9  8  109  0.1  0  0
1  48  1  9  9  105  0.1  0  0
1  49  1  9  10  105  0.1  0  0
1  50  1  8  8  109  0.1  0  0
1  51  1  15  15  109  0.1  0  0
1  52  1  11  15  109  0.1  0  0
1  53  1  14  14  105  0.1  0  0
1  54  1  14  15  109  0.1  0  0
1  55  1  14  16  113  0.1  0  0
1  56  1  15  7  113  0.1  0  0
1  57  1  15  8  109  0.1  0  0
1  58  1  15  9  109  0.1  0  0
1  59  1  15  10  109  0.1  0  0
1  60  1  15  11  109  0.1  0  0
1  61  1  15  12  109  0.1  0  0
1  62  1  14  12  105  0.1  0  0
1  63  1  15  14  109  0.1  0  0
1  64  1  14  11  105  0.1  0  0
1  65  1  15  16  113  0.1  0  0
1  66  1  16  7  113  0.1  0  0
1  67  1  16  8  113  0.1  0  0
1  68  1  16  9  113  0.1  0  0
1  69  1  16  10  113  0.1  0  0
1  70  1  16  11  113  0.1  0  0
1  71  1  16  12  113  0.1  0  0
1  72  1  16  13  113  0.1  0  0
1  73  1  16  14  113  0.1  0  0
1  74  1  16  15  113  0.1  0  0
1  75  1  15  13  109  0.1  0  0
1  76  1  13  10  101  0.1  0  0
1  77  1  12  8  109  0.1  0  0
1  78  1  12  9  105  0.1  0  0
1  79  1  12  10  101  0.1  0  0
1  80  1  12  11  97  0.1  0  0
1  81  1  12  12  97  0.1  0  0
1  82  1  12  13  101  0.1  0  0
1  83  1  12  14  105  0.1  0  0
1  84  1  12  15  109  0.1  0  0
1  85  1  12  16  113  0.1  0  0
1  86  1  13  7  113  0.1  0  0
1  87  1  14  13  105  0.1  0  0
1  88  1  13  9  105  0.1  0  0
1  89  1  16  16  113  0.1  0  0
1  90  1  13  11  101  0.1  0  0
1  91  1  13  12  101  0.1  0  0
1  92  1  13  13  101  0.1  0  0
1  93  1  13  14  105  0.1  0  0
1  94  1  13  15  109  0.1  0  0
1  95  1  13  16  113  0.1  0  0
1  96  1  14  7  113  0.1  0  0
1  97  1  14  8  109  0.1  0  0
1  98  1  14  9  105  0.1  0  0
1  99  1  14  10  105  0.1  0  0
1  100  1  13  8  109  0.1  0  0
