ILYR  IROW  ICOL  CELLTOP  CELLBOT  IBOUND  HK  HANI  VKA  VKCB  TKCB  SC1  SC2  WETDRY  SHEAD
1  1  1  20  10  1  10  1  5  0.001  0.1  0.0001  0.08  0  16
1  1  2  20  10  1  10  1  5  0.001  0.1  0.0001  0.08  0  16
1  1  3  20  10  1  10  1  5  0.001  0.1  0.0001  0.08  0  16
1  1  4  20  10  1  10  1  5  0.001  0.1  0.0001  0.08  0  16
1  1  5  20  10  1  10  1  5  0.001  0.1  0.0001  0.08  0  16
1  1  6  20  10  1  10  1  5  0.001  0.1  0.0001  0.08  0  16
1  1  7  20  10  1  10  1  5  0.001  0.1  0.0001  0.08  0  16
1  1  8  20  10  1  10  1  5  0.001  0.1  0.0001  0.08  0  16
1  1  9  20  10  1  10  1  5  0.001  0.1  0.0001  0.08  0  16
1  1  10  20  10  1  10  1  5  0.001  0.1  0.0001  0.08  0  16
1  1  11  20  10  1  10  1  5  0.001  0.1  0.0001  0.08  0  16
1  1  12  20  10  1  10  1  5  0.001  0.1  0.0001  0.08  0  16
1  1  13  20  10  1  10  1  5  0.001  0.1  0.0001  0.08  0  16
1  1  14  20  10  1  10  1  5  0.001  0.1  0.0001  0.08  0  16
1  1  15  20  10  1  10  1  5  0.001  0.1  0.0001  0.08  0  16
1  1  16  20  10  1  10  1  5  0.001  0.1  0.0001  0.08  0  16
1  1  17  20  10  1  10  1  5  0.001  0.1  0.0001  0.08  0  16
1  1  18  20  10  1  10  1  5  0.001  0.1  0.0001  0.08  0  16
1  1  19  20  10  1  10  1  5  0.001  0.1  0.0001  0.08  0  16
1  1  20  20  10  1  10  1  5  0.001  0.1  0.0001  0.08  0  16
1  2  1  20  10  1  10  1  5  0.001  0.1  0.0001  0.08  0  16
1  2  2  20  10  1  10  1  5  0.001  0.1  0.0001  0.08  0  16
1  2  3  20  10  1  10  1  5  0.001  0.1  0.0001  0.08  0  16
1  2  4  20  10  1  10  1  5  0.001  0.1  0.0001  0.08  0  16
1  2  5  20  10  1  10  1  5  0.001  0.1  0.0001  0.08  0  16
1  2  6  20  10  1  10  1  5  0.001  0.1  0.0001  0.08  0  16
1  2  7  20  10  1  10  1  5  0.001  0.1  0.0001  0.08  0  16
1  2  8  20  10  1  10  1  5  0.001  0.1  0.0001  0.08  0  16
1  2  9  20  10  1  10  1  5  0.001  0.1  0.0001  0.08  0  16
1  2  10  20  10  1  10  1  5  0.001  0.1  0.0001  0.08  0  16
1  2  11  20  10  1  10  1  5  0.001  0.1  0.0001  0.08  0  16
1  2  12  20  10  1  10  1  5  0.001  0.1  0.0001  0.08  0  16
1  2  13  20  10  1  10  1  5  0.001  0.1  0.0001  0.08  0  16
1  2  14  20  10  1  10  1  5  0.001  0.1  0.0001  0.08  0  16
1  2  15  20  10  1  10  1  5  0.001  0.1  0.0001  0.08  0  16
1  2  16  20  10  1  10  1  5  0.001  0.1  0.0001  0.08  0  16
1  2  17  20  10  1  10  1  5  0.001  0.1  0.0001  0.08  0  16
1  2  18  20  10  1  10  1  5  0.001  0.1  0.0001  0.08  0  16
1  2  19  20  10  1  10  1  5  0.001  0.1  0.0001  0.08  0  16
1  2  20  20  10  1  10  1  5  0.001  0.1  0.0001  0.08  0  16
1  3  1  20  10  1  10  1  5  0.001  0.1  0.0001  0.08  0  16
1  3  2  20  10  1  10  1  5  0.001  0.1  0.0001  0.08  0  16
1  3  3  20  10  1  10  1  5  0.001  0.1  0.0001  0.08  0  16
1  3  4  20  10  1  10  1  5  0.001  0.1  0.0001  0.08  0  16
1  3  5  20  10  1  10  1  5  0.001  0.1  0.0001  0.08  0  16
1  3  6  20  10  1  10  1  5  0.001  0.1  0.0001  0.08  0  16
1  3  7  20  10  1  10  1  5  0.001  0.1  0.0001  0.08  0  16
1  3  8  20  10  1  10  1  5  0.001  0.1  0.0001  0.08  0  16
1  3  9  20  10  1  10  1  5  0.001  0.1  0.0001  0.08  0  16
1  3  10  20  10  1  10  1  5  0.001  0.1  0.0001  0.08  0  16
1  3  11  20  10  1  10  1  5  0.001  0.1  0.0001  0.08  0  16
1  3  12  20  10  1  10  1  5  0.001  0.1  0.0001  0.08  0  16
1  3  13  20  10  1  10  1  5  0.001  0.1  0.0001  0.08  0  16
1  3  14  20  10  1  10  1  5  0.001  0.1  0.0001  0.08  0  16
1  3  15  20  10  1  10  1  5  0.001  0.1  0.0001  0.08  0  16
1  3  16  20  10  1  10  1  5  0.001  0.1  0.0001  0.08  0  16
1  3  17  20  10  1  10  1  5  0.001  0.1  0.0001  0.08  0  16
1  3  18  20  10  1  10  1  5  0.001  0.1  0.0001  0.08  0  16
1  3  19  20  10  1  10  1  5  0.001  0.1  0.0001  0.08  0  16
1  3  20  20  10  1  10  1  5  0.001  0.1  0.0001  0.08  0  16
1  4  1  20  10  1  10  1  5  0.001  0.1  0.0001  0.08  0  16
1  4  2  20  10  1  10  1  5  0.001  0.1  0.0001  0.08  0  16
1  4  3  20  10  1  10  1  5  0.001  0.1  0.0001  0.08  0  16
1  4  4  20  10  1  10  1  5  0.001  0.1  0.0001  0.08  0  16
1  4  5  20  10  1  10  1  5  0.001  0.1  0.0001  0.08  0  16
1  4  6  20  10  1  10  1  5  0.001  0.1  0.0001  0.08  0  16
1  4  7  20  10  1  10  1  5  0.001  0.1  0.0001  0.08  0  16
1  4  8  20  10  1  10  1  5  0.001  0.1  0.0001  0.08  0  16
1  4  9  20  10  1  10  1  5  0.001  0.1  0.0001  0.08  0  16
1  4  10  20  10  1  10  1  5  0.001  0.1  0.0001  0.08  0  16
1  4  11  20  10  1  10  1  5  0.001  0.1  0.0001  0.08  0  16
1  4  12  20  10  1  10  1  5  0.001  0.1  0.0001  0.08  0  16
1  4  13  20  10  1  10  1  5  0.001  0.1  0.0001  0.08  0  16
1  4  14  20  10  1  10  1  5  0.001  0.1  0.0001  0.08  0  16
1  4  15  20  10  1  10  1  5  0.001  0.1  0.0001  0.08  0  16
1  4  16  20  10  1  10  1  5  0.001  0.1  0.0001  0.08  0  16
1  4  17  20  10  1  10  1  5  0.001  0.1  0.0001  0.08  0  16
1  4  18  20  10  1  10  1  5  0.001  0.1  0.0001  0.08  0  16
1  4  19  20  10  1  10  1  5  0.001  0.1  0.0001  0.08  0  16
1  4  20  20  10  1  10  1  5  0.001  0.1  0.0001  0.08  0  16
1  5  1  20  10  1  10  1  5  0.001  0.1  0.0001  0.08  0  16
1  5  2  20  10  1  10  1  5  0.001  0.1  0.0001  0.08  0  16
1  5  3  20  10  1  10  1  5  0.001  0.1  0.0001  0.08  0  16
1  5  4  20  10  1  10  1  5  0.001  0.1  0.0001  0.08  0  16
1  5  5  20  10  1  10  1  5  0.001  0.1  0.0001  0.08  0  16
1  5  6  20  10  1  10  1  5  0.001  0.1  0.0001  0.08  0  16
1  5  7  20  10  1  10  1  5  0.001  0.1  0.0001  0.08  0  16
1  5  8  20  10  1  10  1  5  0.001  0.1  0.0001  0.08  0  16
1  5  9  20  10  1  10  1  5  0.001  0.1  0.0001  0.08  0  16
1  5  10  20  10  1  10  1  5  0.001  0.1  0.0001  0.08  0  16
1  5  11  20  10  1  10  1  5  0.001  0.1  0.0001  0.08  0  16
1  5  12  20  10  1  10  1  5  0.001  0.1  0.0001  0.08  0  16
1  5  13  20  10  1  10  1  5  0.001  0.1  0.0001  0.08  0  16
1  5  14  20  10  1  10  1  5  0.001  0.1  0.0001  0.08  0  16
1  5  15  20  10  1  10  1  5  0.001  0.1  0.0001  0.08  0  16
1  5  16  20  10  1  10  1  5  0.001  0.1  0.0001  0.08  0  16
1  5  17  20  10  1  10  1  5  0.001  0.1  0.0001  0.08  0  16
1  5  18  20  10  1  10  1  5  0.001  0.1  0.0001  0.08  0  16
1  5  19  20  10  1  10  1  5  0.001  0.1  0.0001  0.08  0  16
1  5  20  20  10  1  10  1  5  0.001  0.1  0.0001  0.08  0  16
1  6  1  20  10  1  10  1  5  0.001  0.1  0.0001  0.08  0  16
1  6  2  20  10  1  10  1  5  0.001  0.1  0.0001  0.08  0  16
1  6  3  20  10  1  10  1  5  0.001  0.1  0.0001  0.08  0  16
1  6  4  20  10  1  10  1  5  0.001  0.1  0.0001  0.08  0  16
1  6  5  20  10  1  10  1  5  0.001  0.1  0.0001  0.08  0  16
1  6  6  20  10  1  10  1  5  0.001  0.1  0.0001  0.08  0  16
1  6  7  20  10  1  10  1  5  0.001  0.1  0.0001  0.08  0  16
1  6  8  20  10  1  10  1  5  0.001  0.1  0.0001  0.08  0  16
1  6  9  20  10  1  10  1  5  0.001  0.1  0.0001  0.08  0  16
1  6  10  20  10  1  10  1  5  0.001  0.1  0.0001  0.08  0  16
1  6  11  20  10  1  10  1  5  0.001  0.1  0.0001  0.08  0  16
1  6  12  20  10  1  10  1  5  0.001  0.1  0.0001  0.08  0  16
1  6  13  20  10  1  10  1  5  0.001  0.1  0.0001  0.08  0  16
1  6  14  20  10  1  10  1  5  0.001  0.1  0.0001  0.08  0  16
1  6  15  20  10  1  10  1  5  0.001  0.1  0.0001  0.08  0  16
1  6  16  20  10  1  10  1  5  0.001  0.1  0.0001  0.08  0  16
1  6  17  20  10  1  10  1  5  0.001  0.1  0.0001  0.08  0  16
1  6  18  20  10  1  10  1  5  0.001  0.1  0.0001  0.08  0  16
1  6  19  20  10  1  10  1  5  0.001  0.1  0.0001  0.08  0  16
1  6  20  20  10  1  10  1  5  0.001  0.1  0.0001  0.08  0  16
1  7  1  20  10  1  10  1  5  0.001  0.1  0.0001  0.08  0  16
1  7  2  20  10  1  10  1  5  0.001  0.1  0.0001  0.08  0  16
1  7  3  20  10  1  10  1  5  0.001  0.1  0.0001  0.08  0  16
1  7  4  20  10  1  10  1  5  0.001  0.1  0.0001  0.08  0  16
1  7  5  20  10  1  10  1  5  0.001  0.1  0.0001  0.08  0  16
1  7  6  20  10  1  10  1  5  0.001  0.1  0.0001  0.08  0  16
1  7  7  20  10  1  10  1  5  0.001  0.1  0.0001  0.08  0  16
1  7  8  20  10  1  10  1  5  0.001  0.1  0.0001  0.08  0  16
1  7  9  20  10  1  10  1  5  0.001  0.1  0.0001  0.08  0  16
1  7  10  20  10  1  10  1  5  0.001  0.1  0.0001  0.08  0  16
1  7  11  20  10  1  10  1  5  0.001  0.1  0.0001  0.08  0  16
1  7  12  20  10  1  10  1  5  0.001  0.1  0.0001  0.08  0  16
1  7  13  20  10  1  10  1  5  0.001  0.1  0.0001  0.08  0  16
1  7  14  20  10  1  10  1  5  0.001  0.1  0.0001  0.08  0  16
1  7  15  20  10  1  10  1  5  0.001  0.1  0.0001  0.08  0  16
1  7  16  20  10  1  10  1  5  0.001  0.1  0.0001  0.08  0  16
1  7  17  20  10  1  10  1  5  0.001  0.1  0.0001  0.08  0  16
1  7  18  20  10  1  10  1  5  0.001  0.1  0.0001  0.08  0  16
1  7  19  20  10  1  10  1  5  0.001  0.1  0.0001  0.08  0  16
1  7  20  20  10  1  10  1  5  0.001  0.1  0.0001  0.08  0  16
1  8  1  20  10  1  10  1  5  0.001  0.1  0.0001  0.08  0  16
1  8  2  20  10  1  10  1  5  0.001  0.1  0.0001  0.08  0  16
1  8  3  20  10  1  10  1  5  0.001  0.1  0.0001  0.08  0  16
1  8  4  20  10  1  10  1  5  0.001  0.1  0.0001  0.08  0  16
1  8  5  20  10  1  10  1  5  0.001  0.1  0.0001  0.08  0  16
1  8  6  20  10  1  10  1  5  0.001  0.1  0.0001  0.08  0  16
1  8  7  20  10  1  10  1  5  0.001  0.1  0.0001  0.08  0  16
1  8  8  20  10  1  10  1  5  0.001  0.1  0.0001  0.08  0  16
1  8  9  20  10  1  10  1  5  0.001  0.1  0.0001  0.08  0  16
1  8  10  20  10  1  10  1  5  0.001  0.1  0.0001  0.08  0  16
1  8  11  20  10  1  10  1  5  0.001  0.1  0.0001  0.08  0  16
1  8  12  20  10  1  10  1  5  0.001  0.1  0.0001  0.08  0  16
1  8  13  20  10  1  10  1  5  0.001  0.1  0.0001  0.08  0  16
1  8  14  20  10  1  10  1  5  0.001  0.1  0.0001  0.08  0  16
1  8  15  20  10  1  10  1  5  0.001  0.1  0.0001  0.08  0  16
1  8  16  20  10  1  10  1  5  0.001  0.1  0.0001  0.08  0  16
1  8  17  20  10  1  10  1  5  0.001  0.1  0.0001  0.08  0  16
1  8  18  20  10  1  10  1  5  0.001  0.1  0.0001  0.08  0  16
1  8  19  20  10  1  10  1  5  0.001  0.1  0.0001  0.08  0  16
1  8  20  20  10  1  10  1  5  0.001  0.1  0.0001  0.08  0  16
1  9  1  20  10  1  10  1  5  0.001  0.1  0.0001  0.08  0  16
1  9  2  20  10  1  10  1  5  0.001  0.1  0.0001  0.08  0  16
1  9  3  20  10  1  10  1  5  0.001  0.1  0.0001  0.08  0  16
1  9  4  20  10  1  10  1  5  0.001  0.1  0.0001  0.08  0  16
1  9  5  20  10  1  10  1  5  0.001  0.1  0.0001  0.08  0  16
1  9  6  20  10  1  10  1  5  0.001  0.1  0.0001  0.08  0  16
1  9  7  20  10  1  10  1  5  0.001  0.1  0.0001  0.08  0  16
1  9  8  20  10  1  10  1  5  0.001  0.1  0.0001  0.08  0  16
1  9  9  20  10  1  10  1  5  0.001  0.1  0.0001  0.08  0  16
1  9  10  20  10  1  10  1  5  0.001  0.1  0.0001  0.08  0  16
1  9  11  20  10  1  10  1  5  0.001  0.1  0.0001  0.08  0  16
1  9  12  20  10  1  10  1  5  0.001  0.1  0.0001  0.08  0  16
1  9  13  20  10  1  10  1  5  0.001  0.1  0.0001  0.08  0  16
1  9  14  20  10  1  10  1  5  0.001  0.1  0.0001  0.08  0  16
1  9  15  20  10  1  10  1  5  0.001  0.1  0.0001  0.08  0  16
1  9  16  20  10  1  10  1  5  0.001  0.1  0.0001  0.08  0  16
1  9  17  20  10  1  10  1  5  0.001  0.1  0.0001  0.08  0  16
1  9  18  20  10  1  10  1  5  0.001  0.1  0.0001  0.08  0  16
1  9  19  20  10  1  10  1  5  0.001  0.1  0.0001  0.08  0  16
1  9  20  20  10  1  10  1  5  0.001  0.1  0.0001  0.08  0  16
1  10  1  20  10  1  10  1  5  0.001  0.1  0.0001  0.08  0  16
1  10  2  20  10  1  10  1  5  0.001  0.1  0.0001  0.08  0  16
1  10  3  20  10  1  10  1  5  0.001  0.1  0.0001  0.08  0  16
1  10  4  20  10  1  10  1  5  0.001  0.1  0.0001  0.08  0  16
1  10  5  20  10  1  10  1  5  0.001  0.1  0.0001  0.08  0  16
1  10  6  20  10  1  10  1  5  0.001  0.1  0.0001  0.08  0  16
1  10  7  20  10  1  10  1  5  0.001  0.1  0.0001  0.08  0  16
1  10  8  20  10  1  10  1  5  0.001  0.1  0.0001  0.08  0  16
1  10  9  20  10  1  10  1  5  0.001  0.1  0.0001  0.08  0  16
1  10  10  20  10  1  10  1  5  0.001  0.1  0.0001  0.08  0  16
1  10  11  20  10  1  10  1  5  0.001  0.1  0.0001  0.08  0  16
1  10  12  20  10  1  10  1  5  0.001  0.1  0.0001  0.08  0  16
1  10  13  20  10  1  10  1  5  0.001  0.1  0.0001  0.08  0  16
1  10  14  20  10  1  10  1  5  0.001  0.1  0.0001  0.08  0  16
1  10  15  20  10  1  10  1  5  0.001  0.1  0.0001  0.08  0  16
1  10  16  20  10  1  10  1  5  0.001  0.1  0.0001  0.08  0  16
1  10  17  20  10  1  10  1  5  0.001  0.1  0.0001  0.08  0  16
1  10  18  20  10  1  10  1  5  0.001  0.1  0.0001  0.08  0  16
1  10  19  20  10  1  10  1  5  0.001  0.1  0.0001  0.08  0  16
1  10  20  20  10  1  10  1  5  0.001  0.1  0.0001  0.08  0  16
1  11  1  20  10  1  10  1  5  0.001  0.1  0.0001  0.08  0  16
1  11  2  20  10  1  10  1  5  0.001  0.1  0.0001  0.08  0  16
1  11  3  20  10  1  10  1  5  0.001  0.1  0.0001  0.08  0  16
1  11  4  20  10  1  10  1  5  0.001  0.1  0.0001  0.08  0  16
1  11  5  20  10  1  10  1  5  0.001  0.1  0.0001  0.08  0  16
1  11  6  20  10  1  10  1  5  0.001  0.1  0.0001  0.08  0  16
1  11  7  20  10  1  10  1  5  0.001  0.1  0.0001  0.08  0  16
1  11  8  20  10  1  10  1  5  0.001  0.1  0.0001  0.08  0  16
1  11  9  20  10  1  10  1  5  0.001  0.1  0.0001  0.08  0  16
1  11  10  20  10  1  10  1  5  0.001  0.1  0.0001  0.08  0  16
1  11  11  20  10  1  10  1  5  0.001  0.1  0.0001  0.08  0  16
1  11  12  20  10  1  10  1  5  0.001  0.1  0.0001  0.08  0  16
1  11  13  20  10  1  10  1  5  0.001  0.1  0.0001  0.08  0  16
1  11  14  20  10  1  10  1  5  0.001  0.1  0.0001  0.08  0  16
1  11  15  20  10  1  10  1  5  0.001  0.1  0.0001  0.08  0  16
1  11  16  20  10  1  10  1  5  0.001  0.1  0.0001  0.08  0  16
1  11  17  20  10  1  10  1  5  0.001  0.1  0.0001  0.08  0  16
1  11  18  20  10  1  10  1  5  0.001  0.1  0.0001  0.08  0  16
1  11  19  20  10  1  10  1  5  0.001  0.1  0.0001  0.08  0  16
1  11  20  20  10  1  10  1  5  0.001  0.1  0.0001  0.08  0  16
1  12  1  20  10  1  10  1  5  0.001  0.1  0.0001  0.08  0  16
1  12  2  20  10  1  10  1  5  0.001  0.1  0.0001  0.08  0  16
1  12  3  20  10  1  10  1  5  0.001  0.1  0.0001  0.08  0  16
1  12  4  20  10  1  10  1  5  0.001  0.1  0.0001  0.08  0  16
1  12  5  20  10  1  10  1  5  0.001  0.1  0.0001  0.08  0  16
1  12  6  20  10  1  10  1  5  0.001  0.1  0.0001  0.08  0  16
1  12  7  20  10  1  10  1  5  0.001  0.1  0.0001  0.08  0  16
1  12  8  20  10  1  10  1  5  0.001  0.1  0.0001  0.08  0  16
1  12  9  20  10  1  10  1  5  0.001  0.1  0.0001  0.08  0  16
1  12  10  20  10  1  10  1  5  0.001  0.1  0.0001  0.08  0  16
1  12  11  20  10  1  10  1  5  0.001  0.1  0.0001  0.08  0  16
1  12  12  20  10  1  10  1  5  0.001  0.1  0.0001  0.08  0  16
1  12  13  20  10  1  10  1  5  0.001  0.1  0.0001  0.08  0  16
1  12  14  20  10  1  10  1  5  0.001  0.1  0.0001  0.08  0  16
1  12  15  20  10  1  10  1  5  0.001  0.1  0.0001  0.08  0  16
1  12  16  20  10  1  10  1  5  0.001  0.1  0.0001  0.08  0  16
1  12  17  20  10  1  10  1  5  0.001  0.1  0.0001  0.08  0  16
1  12  18  20  10  1  10  1  5  0.001  0.1  0.0001  0.08  0  16
1  12  19  20  10  1  10  1  5  0.001  0.1  0.0001  0.08  0  16
1  12  20  20  10  1  10  1  5  0.001  0.1  0.0001  0.08  0  16
1  13  1  20  10  1  10  1  5  0.001  0.1  0.0001  0.08  0  16
1  13  2  20  10  1  10  1  5  0.001  0.1  0.0001  0.08  0  16
1  13  3  20  10  1  10  1  5  0.001  0.1  0.0001  0.08  0  16
1  13  4  20  10  1  10  1  5  0.001  0.1  0.0001  0.08  0  16
1  13  5  20  10  1  10  1  5  0.001  0.1  0.0001  0.08  0  16
1  13  6  20  10  1  10  1  5  0.001  0.1  0.0001  0.08  0  16
1  13  7  20  10  1  10  1  5  0.001  0.1  0.0001  0.08  0  16
1  13  8  20  10  1  10  1  5  0.001  0.1  0.0001  0.08  0  16
1  13  9  20  10  1  10  1  5  0.001  0.1  0.0001  0.08  0  16
1  13  10  20  10  1  10  1  5  0.001  0.1  0.0001  0.08  0  16
1  13  11  20  10  1  10  1  5  0.001  0.1  0.0001  0.08  0  16
1  13  12  20  10  1  10  1  5  0.001  0.1  0.0001  0.08  0  16
1  13  13  20  10  1  10  1  5  0.001  0.1  0.0001  0.08  0  16
1  13  14  20  10  1  10  1  5  0.001  0.1  0.0001  0.08  0  16
1  13  15  20  10  1  10  1  5  0.001  0.1  0.0001  0.08  0  16
1  13  16  20  10  1  10  1  5  0.001  0.1  0.0001  0.08  0  16
1  13  17  20  10  1  10  1  5  0.001  0.1  0.0001  0.08  0  16
1  13  18  20  10  1  10  1  5  0.001  0.1  0.0001  0.08  0  16
1  13  19  20  10  1  10  1  5  0.001  0.1  0.0001  0.08  0  16
1  13  20  20  10  1  10  1  5  0.001  0.1  0.0001  0.08  0  16
1  14  1  20  10  1  10  1  5  0.001  0.1  0.0001  0.08  0  16
1  14  2  20  10  1  10  1  5  0.001  0.1  0.0001  0.08  0  16
1  14  3  20  10  1  10  1  5  0.001  0.1  0.0001  0.08  0  16
1  14  4  20  10  1  10  1  5  0.001  0.1  0.0001  0.08  0  16
1  14  5  20  10  1  10  1  5  0.001  0.1  0.0001  0.08  0  16
1  14  6  20  10  1  10  1  5  0.001  0.1  0.0001  0.08  0  16
1  14  7  20  10  1  10  1  5  0.001  0.1  0.0001  0.08  0  16
1  14  8  20  10  1  10  1  5  0.001  0.1  0.0001  0.08  0  16
1  14  9  20  10  1  10  1  5  0.001  0.1  0.0001  0.08  0  16
1  14  10  20  10  1  10  1  5  0.001  0.1  0.0001  0.08  0  16
1  14  11  20  10  1  10  1  5  0.001  0.1  0.0001  0.08  0  16
1  14  12  20  10  1  10  1  5  0.001  0.1  0.0001  0.08  0  16
1  14  13  20  10  1  10  1  5  0.001  0.1  0.0001  0.08  0  16
1  14  14  20  10  1  10  1  5  0.001  0.1  0.0001  0.08  0  16
1  14  15  20  10  1  10  1  5  0.001  0.1  0.0001  0.08  0  16
1  14  16  20  10  1  10  1  5  0.001  0.1  0.0001  0.08  0  16
1  14  17  20  10  1  10  1  5  0.001  0.1  0.0001  0.08  0  16
1  14  18  20  10  1  10  1  5  0.001  0.1  0.0001  0.08  0  16
1  14  19  20  10  1  10  1  5  0.001  0.1  0.0001  0.08  0  16
1  14  20  20  10  1  10  1  5  0.001  0.1  0.0001  0.08  0  16
1  15  1  20  10  1  10  1  5  0.001  0.1  0.0001  0.08  0  16
1  15  2  20  10  1  10  1  5  0.001  0.1  0.0001  0.08  0  16
1  15  3  20  10  1  10  1  5  0.001  0.1  0.0001  0.08  0  16
1  15  4  20  10  1  10  1  5  0.001  0.1  0.0001  0.08  0  16
1  15  5  20  10  1  10  1  5  0.001  0.1  0.0001  0.08  0  16
1  15  6  20  10  1  10  1  5  0.001  0.1  0.0001  0.08  0  16
1  15  7  20  10  1  10  1  5  0.001  0.1  0.0001  0.08  0  16
1  15  8  20  10  1  10  1  5  0.001  0.1  0.0001  0.08  0  16
1  15  9  20  10  1  10  1  5  0.001  0.1  0.0001  0.08  0  16
1  15  10  20  10  1  10  1  5  0.001  0.1  0.0001  0.08  0  16
1  15  11  20  10  1  10  1  5  0.001  0.1  0.0001  0.08  0  16
1  15  12  20  10  1  10  1  5  0.001  0.1  0.0001  0.08  0  16
1  15  13  20  10  1  10  1  5  0.001  0.1  0.0001  0.08  0  16
1  15  14  20  10  1  10  1  5  0.001  0.1  0.0001  0.08  0  16
1  15  15  20  10  1  10  1  5  0.001  0.1  0.0001  0.08  0  16
1  15  16  20  10  1  10  1  5  0.001  0.1  0.0001  0.08  0  16
1  15  17  20  10  1  10  1  5  0.001  0.1  0.0001  0.08  0  16
1  15  18  20  10  1  10  1  5  0.001  0.1  0.0001  0.08  0  16
1  15  19  20  10  1  10  1  5  0.001  0.1  0.0001  0.08  0  16
1  15  20  20  10  1  10  1  5  0.001  0.1  0.0001  0.08  0  16
1  16  1  20  10  1  10  1  5  0.001  0.1  0.0001  0.08  0  16
1  16  2  20  10  1  10  1  5  0.001  0.1  0.0001  0.08  0  16
1  16  3  20  10  1  10  1  5  0.001  0.1  0.0001  0.08  0  16
1  16  4  20  10  1  10  1  5  0.001  0.1  0.0001  0.08  0  16
1  16  5  20  10  1  10  1  5  0.001  0.1  0.0001  0.08  0  16
1  16  6  20  10  1  10  1  5  0.001  0.1  0.0001  0.08  0  16
1  16  7  20  10  1  10  1  5  0.001  0.1  0.0001  0.08  0  16
1  16  8  20  10  1  10  1  5  0.001  0.1  0.0001  0.08  0  16
1  16  9  20  10  1  10  1  5  0.001  0.1  0.0001  0.08  0  16
1  16  10  20  10  1  10  1  5  0.001  0.1  0.0001  0.08  0  16
1  16  11  20  10  1  10  1  5  0.001  0.1  0.0001  0.08  0  16
1  16  12  20  10  1  10  1  5  0.001  0.1  0.0001  0.08  0  16
1  16  13  20  10  1  10  1  5  0.001  0.1  0.0001  0.08  0  16
1  16  14  20  10  1  10  1  5  0.001  0.1  0.0001  0.08  0  16
1  16  15  20  10  1  10  1  5  0.001  0.1  0.0001  0.08  0  16
1  16  16  20  10  1  10  1  5  0.001  0.1  0.0001  0.08  0  16
1  16  17  20  10  1  10  1  5  0.001  0.1  0.0001  0.08  0  16
1  16  18  20  10  1  10  1  5  0.001  0.1  0.0001  0.08  0  16
1  16  19  20  10  1  10  1  5  0.001  0.1  0.0001  0.08  0  16
1  16  20  20  10  1  10  1  5  0.001  0.1  0.0001  0.08  0  16
1  17  1  20  10  1  10  1  5  0.001  0.1  0.0001  0.08  0  16
1  17  2  20  10  1  10  1  5  0.001  0.1  0.0001  0.08  0  16
1  17  3  20  10  1  10  1  5  0.001  0.1  0.0001  0.08  0  16
1  17  4  20  10  1  10  1  5  0.001  0.1  0.0001  0.08  0  16
1  17  5  20  10  1  10  1  5  0.001  0.1  0.0001  0.08  0  16
1  17  6  20  10  1  10  1  5  0.001  0.1  0.0001  0.08  0  16
1  17  7  20  10  1  10  1  5  0.001  0.1  0.0001  0.08  0  16
1  17  8  20  10  1  10  1  5  0.001  0.1  0.0001  0.08  0  16
1  17  9  20  10  1  10  1  5  0.001  0.1  0.0001  0.08  0  16
1  17  10  20  10  1  10  1  5  0.001  0.1  0.0001  0.08  0  16
1  17  11  20  10  1  10  1  5  0.001  0.1  0.0001  0.08  0  16
1  17  12  20  10  1  10  1  5  0.001  0.1  0.0001  0.08  0  16
1  17  13  20  10  1  10  1  5  0.001  0.1  0.0001  0.08  0  16
1  17  14  20  10  1  10  1  5  0.001  0.1  0.0001  0.08  0  16
1  17  15  20  10  1  10  1  5  0.001  0.1  0.0001  0.08  0  16
1  17  16  20  10  1  10  1  5  0.001  0.1  0.0001  0.08  0  16
1  17  17  20  10  1  10  1  5  0.001  0.1  0.0001  0.08  0  16
1  17  18  20  10  1  10  1  5  0.001  0.1  0.0001  0.08  0  16
1  17  19  20  10  1  10  1  5  0.001  0.1  0.0001  0.08  0  16
1  17  20  20  10  1  10  1  5  0.001  0.1  0.0001  0.08  0  16
1  18  1  20  10  1  10  1  5  0.001  0.1  0.0001  0.08  0  16
1  18  2  20  10  1  10  1  5  0.001  0.1  0.0001  0.08  0  16
1  18  3  20  10  1  10  1  5  0.001  0.1  0.0001  0.08  0  16
1  18  4  20  10  1  10  1  5  0.001  0.1  0.0001  0.08  0  16
1  18  5  20  10  1  10  1  5  0.001  0.1  0.0001  0.08  0  16
1  18  6  20  10  1  10  1  5  0.001  0.1  0.0001  0.08  0  16
1  18  7  20  10  1  10  1  5  0.001  0.1  0.0001  0.08  0  16
1  18  8  20  10  1  10  1  5  0.001  0.1  0.0001  0.08  0  16
1  18  9  20  10  1  10  1  5  0.001  0.1  0.0001  0.08  0  16
1  18  10  20  10  1  10  1  5  0.001  0.1  0.0001  0.08  0  16
1  18  11  20  10  1  10  1  5  0.001  0.1  0.0001  0.08  0  16
1  18  12  20  10  1  10  1  5  0.001  0.1  0.0001  0.08  0  16
1  18  13  20  10  1  10  1  5  0.001  0.1  0.0001  0.08  0  16
1  18  14  20  10  1  10  1  5  0.001  0.1  0.0001  0.08  0  16
1  18  15  20  10  1  10  1  5  0.001  0.1  0.0001  0.08  0  16
1  18  16  20  10  1  10  1  5  0.001  0.1  0.0001  0.08  0  16
1  18  17  20  10  1  10  1  5  0.001  0.1  0.0001  0.08  0  16
1  18  18  20  10  1  10  1  5  0.001  0.1  0.0001  0.08  0  16
1  18  19  20  10  1  10  1  5  0.001  0.1  0.0001  0.08  0  16
1  18  20  20  10  1  10  1  5  0.001  0.1  0.0001  0.08  0  16
1  19  1  20  10  1  10  1  5  0.001  0.1  0.0001  0.08  0  16
1  19  2  20  10  1  10  1  5  0.001  0.1  0.0001  0.08  0  16
1  19  3  20  10  1  10  1  5  0.001  0.1  0.0001  0.08  0  16
1  19  4  20  10  1  10  1  5  0.001  0.1  0.0001  0.08  0  16
1  19  5  20  10  1  10  1  5  0.001  0.1  0.0001  0.08  0  16
1  19  6  20  10  1  10  1  5  0.001  0.1  0.0001  0.08  0  16
1  19  7  20  10  1  10  1  5  0.001  0.1  0.0001  0.08  0  16
1  19  8  20  10  1  10  1  5  0.001  0.1  0.0001  0.08  0  16
1  19  9  20  10  1  10  1  5  0.001  0.1  0.0001  0.08  0  16
1  19  10  20  10  1  10  1  5  0.001  0.1  0.0001  0.08  0  16
1  19  11  20  10  1  10  1  5  0.001  0.1  0.0001  0.08  0  16
1  19  12  20  10  1  10  1  5  0.001  0.1  0.0001  0.08  0  16
1  19  13  20  10  1  10  1  5  0.001  0.1  0.0001  0.08  0  16
1  19  14  20  10  1  10  1  5  0.001  0.1  0.0001  0.08  0  16
1  19  15  20  10  1  10  1  5  0.001  0.1  0.0001  0.08  0  16
1  19  16  20  10  1  10  1  5  0.001  0.1  0.0001  0.08  0  16
1  19  17  20  10  1  10  1  5  0.001  0.1  0.0001  0.08  0  16
1  19  18  20  10  1  10  1  5  0.001  0.1  0.0001  0.08  0  16
1  19  19  20  10  1  10  1  5  0.001  0.1  0.0001  0.08  0  16
1  19  20  20  10  1  10  1  5  0.001  0.1  0.0001  0.08  0  16
1  20  1  20  10  1  10  1  5  0.001  0.1  0.0001  0.08  0  16
1  20  2  20  10  1  10  1  5  0.001  0.1  0.0001  0.08  0  16
1  20  3  20  10  1  10  1  5  0.001  0.1  0.0001  0.08  0  16
1  20  4  20  10  1  10  1  5  0.001  0.1  0.0001  0.08  0  16
1  20  5  20  10  1  10  1  5  0.001  0.1  0.0001  0.08  0  16
1  20  6  20  10  1  10  1  5  0.001  0.1  0.0001  0.08  0  16
1  20  7  20  10  1  10  1  5  0.001  0.1  0.0001  0.08  0  16
1  20  8  20  10  1  10  1  5  0.001  0.1  0.0001  0.08  0  16
1  20  9  20  10  1  10  1  5  0.001  0.1  0.0001  0.08  0  16
1  20  10  20  10  1  10  1  5  0.001  0.1  0.0001  0.08  0  16
1  20  11  20  10  1  10  1  5  0.001  0.1  0.0001  0.08  0  16
1  20  12  20  10  1  10  1  5  0.001  0.1  0.0001  0.08  0  16
1  20  13  20  10  1  10  1  5  0.001  0.1  0.0001  0.08  0  16
1  20  14  20  10  1  10  1  5  0.001  0.1  0.0001  0.08  0  16
1  20  15  20  10  1  10  1  5  0.001  0.1  0.0001  0.08  0  16
1  20  16  20  10  1  10  1  5  0.001  0.1  0.0001  0.08  0  16
1  20  17  20  10  1  10  1  5  0.001  0.1  0.0001  0.08  0  16
1  20  18  20  10  1  10  1  5  0.001  0.1  0.0001  0.08  0  16
1  20  19  20  10  1  10  1  5  0.001  0.1  0.0001  0.08  0  16
1  20  20  20  10  1  10  1  5  0.001  0.1  0.0001  0.08  0  16
2  1  1  10  0  1  10  1  5  0  0  0.0001  0.08  0  16
2  1  2  10  0  1  10  1  5  0  0  0.0001  0.08  0  16
2  1  3  10  0  1  10  1  5  0  0  0.0001  0.08  0  16
2  1  4  10  0  1  10  1  5  0  0  0.0001  0.08  0  16
2  1  5  10  0  1  10  1  5  0  0  0.0001  0.08  0  16
2  1  6  10  0  1  10  1  5  0  0  0.0001  0.08  0  16
2  1  7  10  0  1  10  1  5  0  0  0.0001  0.08  0  16
2  1  8  10  0  1  10  1  5  0  0  0.0001  0.08  0  16
2  1  9  10  0  1  10  1  5  0  0  0.0001  0.08  0  16
2  1  10  10  0  1  10  1  5  0  0  0.0001  0.08  0  16
2  1  11  10  0  1  10  1  5  0  0  0.0001  0.08  0  16
2  1  12  10  0  1  10  1  5  0  0  0.0001  0.08  0  16
2  1  13  10  0  1  10  1  5  0  0  0.0001  0.08  0  16
2  1  14  10  0  1  10  1  5  0  0  0.0001  0.08  0  16
2  1  15  10  0  1  10  1  5  0  0  0.0001  0.08  0  16
2  1  16  10  0  1  10  1  5  0  0  0.0001  0.08  0  16
2  1  17  10  0  1  10  1  5  0  0  0.0001  0.08  0  16
2  1  18  10  0  1  10  1  5  0  0  0.0001  0.08  0  16
2  1  19  10  0  1  10  1  5  0  0  0.0001  0.08  0  16
2  1  20  10  0  1  10  1  5  0  0  0.0001  0.08  0  16
2  2  1  10  0  1  10  1  5  0  0  0.0001  0.08  0  16
2  2  2  10  0  1  10  1  5  0  0  0.0001  0.08  0  16
2  2  3  10  0  1  10  1  5  0  0  0.0001  0.08  0  16
2  2  4  10  0  1  10  1  5  0  0  0.0001  0.08  0  16
2  2  5  10  0  1  10  1  5  0  0  0.0001  0.08  0  16
2  2  6  10  0  1  10  1  5  0  0  0.0001  0.08  0  16
2  2  7  10  0  1  10  1  5  0  0  0.0001  0.08  0  16
2  2  8  10  0  1  10  1  5  0  0  0.0001  0.08  0  16
2  2  9  10  0  1  10  1  5  0  0  0.0001  0.08  0  16
2  2  10  10  0  1  10  1  5  0  0  0.0001  0.08  0  16
2  2  11  10  0  1  10  1  5  0  0  0.0001  0.08  0  16
2  2  12  10  0  1  10  1  5  0  0  0.0001  0.08  0  16
2  2  13  10  0  1  10  1  5  0  0  0.0001  0.08  0  16
2  2  14  10  0  1  10  1  5  0  0  0.0001  0.08  0  16
2  2  15  10  0  1  10  1  5  0  0  0.0001  0.08  0  16
2  2  16  10  0  1  10  1  5  0  0  0.0001  0.08  0  16
2  2  17  10  0  1  10  1  5  0  0  0.0001  0.08  0  16
2  2  18  10  0  1  10  1  5  0  0  0.0001  0.08  0  16
2  2  19  10  0  1  10  1  5  0  0  0.0001  0.08  0  16
2  2  20  10  0  1  10  1  5  0  0  0.0001  0.08  0  16
2  3  1  10  0  1  10  1  5  0  0  0.0001  0.08  0  16
2  3  2  10  0  1  10  1  5  0  0  0.0001  0.08  0  16
2  3  3  10  0  1  10  1  5  0  0  0.0001  0.08  0  16
2  3  4  10  0  1  10  1  5  0  0  0.0001  0.08  0  16
2  3  5  10  0  1  10  1  5  0  0  0.0001  0.08  0  16
2  3  6  10  0  1  10  1  5  0  0  0.0001  0.08  0  16
2  3  7  10  0  1  10  1  5  0  0  0.0001  0.08  0  16
2  3  8  10  0  1  10  1  5  0  0  0.0001  0.08  0  16
2  3  9  10  0  1  10  1  5  0  0  0.0001  0.08  0  16
2  3  10  10  0  1  10  1  5  0  0  0.0001  0.08  0  16
2  3  11  10  0  1  10  1  5  0  0  0.0001  0.08  0  16
2  3  12  10  0  1  10  1  5  0  0  0.0001  0.08  0  16
2  3  13  10  0  1  10  1  5  0  0  0.0001  0.08  0  16
2  3  14  10  0  1  10  1  5  0  0  0.0001  0.08  0  16
2  3  15  10  0  1  10  1  5  0  0  0.0001  0.08  0  16
2  3  16  10  0  1  10  1  5  0  0  0.0001  0.08  0  16
2  3  17  10  0  1  10  1  5  0  0  0.0001  0.08  0  16
2  3  18  10  0  1  10  1  5  0  0  0.0001  0.08  0  16
2  3  19  10  0  1  10  1  5  0  0  0.0001  0.08  0  16
2  3  20  10  0  1  10  1  5  0  0  0.0001  0.08  0  16
2  4  1  10  0  1  10  1  5  0  0  0.0001  0.08  0  16
2  4  2  10  0  1  10  1  5  0  0  0.0001  0.08  0  16
2  4  3  10  0  1  10  1  5  0  0  0.0001  0.08  0  16
2  4  4  10  0  1  10  1  5  0  0  0.0001  0.08  0  16
2  4  5  10  0  1  10  1  5  0  0  0.0001  0.08  0  16
2  4  6  10  0  1  10  1  5  0  0  0.0001  0.08  0  16
2  4  7  10  0  1  10  1  5  0  0  0.0001  0.08  0  16
2  4  8  10  0  1  10  1  5  0  0  0.0001  0.08  0  16
2  4  9  10  0  1  10  1  5  0  0  0.0001  0.08  0  16
2  4  10  10  0  1  10  1  5  0  0  0.0001  0.08  0  16
2  4  11  10  0  1  10  1  5  0  0  0.0001  0.08  0  16
2  4  12  10  0  1  10  1  5  0  0  0.0001  0.08  0  16
2  4  13  10  0  1  10  1  5  0  0  0.0001  0.08  0  16
2  4  14  10  0  1  10  1  5  0  0  0.0001  0.08  0  16
2  4  15  10  0  1  10  1  5  0  0  0.0001  0.08  0  16
2  4  16  10  0  1  10  1  5  0  0  0.0001  0.08  0  16
2  4  17  10  0  1  10  1  5  0  0  0.0001  0.08  0  16
2  4  18  10  0  1  10  1  5  0  0  0.0001  0.08  0  16
2  4  19  10  0  1  10  1  5  0  0  0.0001  0.08  0  16
2  4  20  10  0  1  10  1  5  0  0  0.0001  0.08  0  16
2  5  1  10  0  1  10  1  5  0  0  0.0001  0.08  0  16
2  5  2  10  0  1  10  1  5  0  0  0.0001  0.08  0  16
2  5  3  10  0  1  10  1  5  0  0  0.0001  0.08  0  16
2  5  4  10  0  1  10  1  5  0  0  0.0001  0.08  0  16
2  5  5  10  0  1  10  1  5  0  0  0.0001  0.08  0  16
2  5  6  10  0  1  10  1  5  0  0  0.0001  0.08  0  16
2  5  7  10  0  1  10  1  5  0  0  0.0001  0.08  0  16
2  5  8  10  0  1  10  1  5  0  0  0.0001  0.08  0  16
2  5  9  10  0  1  10  1  5  0  0  0.0001  0.08  0  16
2  5  10  10  0  1  10  1  5  0  0  0.0001  0.08  0  16
2  5  11  10  0  1  10  1  5  0  0  0.0001  0.08  0  16
2  5  12  10  0  1  10  1  5  0  0  0.0001  0.08  0  16
2  5  13  10  0  1  10  1  5  0  0  0.0001  0.08  0  16
2  5  14  10  0  1  10  1  5  0  0  0.0001  0.08  0  16
2  5  15  10  0  1  10  1  5  0  0  0.0001  0.08  0  16
2  5  16  10  0  1  10  1  5  0  0  0.0001  0.08  0  16
2  5  17  10  0  1  10  1  5  0  0  0.0001  0.08  0  16
2  5  18  10  0  1  10  1  5  0  0  0.0001  0.08  0  16
2  5  19  10  0  1  10  1  5  0  0  0.0001  0.08  0  16
2  5  20  10  0  1  10  1  5  0  0  0.0001  0.08  0  16
2  6  1  10  0  1  10  1  5  0  0  0.0001  0.08  0  16
2  6  2  10  0  1  10  1  5  0  0  0.0001  0.08  0  16
2  6  3  10  0  1  10  1  5  0  0  0.0001  0.08  0  16
2  6  4  10  0  1  10  1  5  0  0  0.0001  0.08  0  16
2  6  5  10  0  1  10  1  5  0  0  0.0001  0.08  0  16
2  6  6  10  0  1  10  1  5  0  0  0.0001  0.08  0  16
2  6  7  10  0  1  10  1  5  0  0  0.0001  0.08  0  16
2  6  8  10  0  1  10  1  5  0  0  0.0001  0.08  0  16
2  6  9  10  0  1  10  1  5  0  0  0.0001  0.08  0  16
2  6  10  10  0  1  10  1  5  0  0  0.0001  0.08  0  16
2  6  11  10  0  1  10  1  5  0  0  0.0001  0.08  0  16
2  6  12  10  0  1  10  1  5  0  0  0.0001  0.08  0  16
2  6  13  10  0  1  10  1  5  0  0  0.0001  0.08  0  16
2  6  14  10  0  1  10  1  5  0  0  0.0001  0.08  0  16
2  6  15  10  0  1  10  1  5  0  0  0.0001  0.08  0  16
2  6  16  10  0  1  10  1  5  0  0  0.0001  0.08  0  16
2  6  17  10  0  1  10  1  5  0  0  0.0001  0.08  0  16
2  6  18  10  0  1  10  1  5  0  0  0.0001  0.08  0  16
2  6  19  10  0  1  10  1  5  0  0  0.0001  0.08  0  16
2  6  20  10  0  1  10  1  5  0  0  0.0001  0.08  0  16
2  7  1  10  0  1  10  1  5  0  0  0.0001  0.08  0  16
2  7  2  10  0  1  10  1  5  0  0  0.0001  0.08  0  16
2  7  3  10  0  1  10  1  5  0  0  0.0001  0.08  0  16
2  7  4  10  0  1  10  1  5  0  0  0.0001  0.08  0  16
2  7  5  10  0  1  10  1  5  0  0  0.0001  0.08  0  16
2  7  6  10  0  1  10  1  5  0  0  0.0001  0.08  0  16
2  7  7  10  0  1  10  1  5  0  0  0.0001  0.08  0  16
2  7  8  10  0  1  10  1  5  0  0  0.0001  0.08  0  16
2  7  9  10  0  1  10  1  5  0  0  0.0001  0.08  0  16
2  7  10  10  0  1  10  1  5  0  0  0.0001  0.08  0  16
2  7  11  10  0  1  10  1  5  0  0  0.0001  0.08  0  16
2  7  12  10  0  1  10  1  5  0  0  0.0001  0.08  0  16
2  7  13  10  0  1  10  1  5  0  0  0.0001  0.08  0  16
2  7  14  10  0  1  10  1  5  0  0  0.0001  0.08  0  16
2  7  15  10  0  1  10  1  5  0  0  0.0001  0.08  0  16
2  7  16  10  0  1  10  1  5  0  0  0.0001  0.08  0  16
2  7  17  10  0  1  10  1  5  0  0  0.0001  0.08  0  16
2  7  18  10  0  1  10  1  5  0  0  0.0001  0.08  0  16
2  7  19  10  0  1  10  1  5  0  0  0.0001  0.08  0  16
2  7  20  10  0  1  10  1  5  0  0  0.0001  0.08  0  16
2  8  1  10  0  1  10  1  5  0  0  0.0001  0.08  0  16
2  8  2  10  0  1  10  1  5  0  0  0.0001  0.08  0  16
2  8  3  10  0  1  10  1  5  0  0  0.0001  0.08  0  16
2  8  4  10  0  1  10  1  5  0  0  0.0001  0.08  0  16
2  8  5  10  0  1  10  1  5  0  0  0.0001  0.08  0  16
2  8  6  10  0  1  10  1  5  0  0  0.0001  0.08  0  16
2  8  7  10  0  1  10  1  5  0  0  0.0001  0.08  0  16
2  8  8  10  0  1  10  1  5  0  0  0.0001  0.08  0  16
2  8  9  10  0  1  10  1  5  0  0  0.0001  0.08  0  16
2  8  10  10  0  1  10  1  5  0  0  0.0001  0.08  0  16
2  8  11  10  0  1  10  1  5  0  0  0.0001  0.08  0  16
2  8  12  10  0  1  10  1  5  0  0  0.0001  0.08  0  16
2  8  13  10  0  1  10  1  5  0  0  0.0001  0.08  0  16
2  8  14  10  0  1  10  1  5  0  0  0.0001  0.08  0  16
2  8  15  10  0  1  10  1  5  0  0  0.0001  0.08  0  16
2  8  16  10  0  1  10  1  5  0  0  0.0001  0.08  0  16
2  8  17  10  0  1  10  1  5  0  0  0.0001  0.08  0  16
2  8  18  10  0  1  10  1  5  0  0  0.0001  0.08  0  16
2  8  19  10  0  1  10  1  5  0  0  0.0001  0.08  0  16
2  8  20  10  0  1  10  1  5  0  0  0.0001  0.08  0  16
2  9  1  10  0  1  10  1  5  0  0  0.0001  0.08  0  16
2  9  2  10  0  1  10  1  5  0  0  0.0001  0.08  0  16
2  9  3  10  0  1  10  1  5  0  0  0.0001  0.08  0  16
2  9  4  10  0  1  10  1  5  0  0  0.0001  0.08  0  16
2  9  5  10  0  1  10  1  5  0  0  0.0001  0.08  0  16
2  9  6  10  0  1  10  1  5  0  0  0.0001  0.08  0  16
2  9  7  10  0  1  10  1  5  0  0  0.0001  0.08  0  16
2  9  8  10  0  1  10  1  5  0  0  0.0001  0.08  0  16
2  9  9  10  0  1  10  1  5  0  0  0.0001  0.08  0  16
2  9  10  10  0  1  10  1  5  0  0  0.0001  0.08  0  16
2  9  11  10  0  1  10  1  5  0  0  0.0001  0.08  0  16
2  9  12  10  0  1  10  1  5  0  0  0.0001  0.08  0  16
2  9  13  10  0  1  10  1  5  0  0  0.0001  0.08  0  16
2  9  14  10  0  1  10  1  5  0  0  0.0001  0.08  0  16
2  9  15  10  0  1  10  1  5  0  0  0.0001  0.08  0  16
2  9  16  10  0  1  10  1  5  0  0  0.0001  0.08  0  16
2  9  17  10  0  1  10  1  5  0  0  0.0001  0.08  0  16
2  9  18  10  0  1  10  1  5  0  0  0.0001  0.08  0  16
2  9  19  10  0  1  10  1  5  0  0  0.0001  0.08  0  16
2  9  20  10  0  1  10  1  5  0  0  0.0001  0.08  0  16
2  10  1  10  0  1  10  1  5  0  0  0.0001  0.08  0  16
2  10  2  10  0  1  10  1  5  0  0  0.0001  0.08  0  16
2  10  3  10  0  1  10  1  5  0  0  0.0001  0.08  0  16
2  10  4  10  0  1  10  1  5  0  0  0.0001  0.08  0  16
2  10  5  10  0  1  10  1  5  0  0  0.0001  0.08  0  16
2  10  6  10  0  1  10  1  5  0  0  0.0001  0.08  0  16
2  10  7  10  0  1  10  1  5  0  0  0.0001  0.08  0  16
2  10  8  10  0  1  10  1  5  0  0  0.0001  0.08  0  16
2  10  9  10  0  1  10  1  5  0  0  0.0001  0.08  0  16
2  10  10  10  0  1  10  1  5  0  0  0.0001  0.08  0  16
2  10  11  10  0  1  10  1  5  0  0  0.0001  0.08  0  16
2  10  12  10  0  1  10  1  5  0  0  0.0001  0.08  0  16
2  10  13  10  0  1  10  1  5  0  0  0.0001  0.08  0  16
2  10  14  10  0  1  10  1  5  0  0  0.0001  0.08  0  16
2  10  15  10  0  1  10  1  5  0  0  0.0001  0.08  0  16
2  10  16  10  0  1  10  1  5  0  0  0.0001  0.08  0  16
2  10  17  10  0  1  10  1  5  0  0  0.0001  0.08  0  16
2  10  18  10  0  1  10  1  5  0  0  0.0001  0.08  0  16
2  10  19  10  0  1  10  1  5  0  0  0.0001  0.08  0  16
2  10  20  10  0  1  10  1  5  0  0  0.0001  0.08  0  16
2  11  1  10  0  1  10  1  5  0  0  0.0001  0.08  0  16
2  11  2  10  0  1  10  1  5  0  0  0.0001  0.08  0  16
2  11  3  10  0  1  10  1  5  0  0  0.0001  0.08  0  16
2  11  4  10  0  1  10  1  5  0  0  0.0001  0.08  0  16
2  11  5  10  0  1  10  1  5  0  0  0.0001  0.08  0  16
2  11  6  10  0  1  10  1  5  0  0  0.0001  0.08  0  16
2  11  7  10  0  1  10  1  5  0  0  0.0001  0.08  0  16
2  11  8  10  0  1  10  1  5  0  0  0.0001  0.08  0  16
2  11  9  10  0  1  10  1  5  0  0  0.0001  0.08  0  16
2  11  10  10  0  1  10  1  5  0  0  0.0001  0.08  0  16
2  11  11  10  0  1  10  1  5  0  0  0.0001  0.08  0  16
2  11  12  10  0  1  10  1  5  0  0  0.0001  0.08  0  16
2  11  13  10  0  1  10  1  5  0  0  0.0001  0.08  0  16
2  11  14  10  0  1  10  1  5  0  0  0.0001  0.08  0  16
2  11  15  10  0  1  10  1  5  0  0  0.0001  0.08  0  16
2  11  16  10  0  1  10  1  5  0  0  0.0001  0.08  0  16
2  11  17  10  0  1  10  1  5  0  0  0.0001  0.08  0  16
2  11  18  10  0  1  10  1  5  0  0  0.0001  0.08  0  16
2  11  19  10  0  1  10  1  5  0  0  0.0001  0.08  0  16
2  11  20  10  0  1  10  1  5  0  0  0.0001  0.08  0  16
2  12  1  10  0  1  10  1  5  0  0  0.0001  0.08  0  16
2  12  2  10  0  1  10  1  5  0  0  0.0001  0.08  0  16
2  12  3  10  0  1  10  1  5  0  0  0.0001  0.08  0  16
2  12  4  10  0  1  10  1  5  0  0  0.0001  0.08  0  16
2  12  5  10  0  1  10  1  5  0  0  0.0001  0.08  0  16
2  12  6  10  0  1  10  1  5  0  0  0.0001  0.08  0  16
2  12  7  10  0  1  10  1  5  0  0  0.0001  0.08  0  16
2  12  8  10  0  1  10  1  5  0  0  0.0001  0.08  0  16
2  12  9  10  0  1  10  1  5  0  0  0.0001  0.08  0  16
2  12  10  10  0  1  10  1  5  0  0  0.0001  0.08  0  16
2  12  11  10  0  1  10  1  5  0  0  0.0001  0.08  0  16
2  12  12  10  0  1  10  1  5  0  0  0.0001  0.08  0  16
2  12  13  10  0  1  10  1  5  0  0  0.0001  0.08  0  16
2  12  14  10  0  1  10  1  5  0  0  0.0001  0.08  0  16
2  12  15  10  0  1  10  1  5  0  0  0.0001  0.08  0  16
2  12  16  10  0  1  10  1  5  0  0  0.0001  0.08  0  16
2  12  17  10  0  1  10  1  5  0  0  0.0001  0.08  0  16
2  12  18  10  0  1  10  1  5  0  0  0.0001  0.08  0  16
2  12  19  10  0  1  10  1  5  0  0  0.0001  0.08  0  16
2  12  20  10  0  1  10  1  5  0  0  0.0001  0.08  0  16
2  13  1  10  0  1  10  1  5  0  0  0.0001  0.08  0  16
2  13  2  10  0  1  10  1  5  0  0  0.0001  0.08  0  16
2  13  3  10  0  1  10  1  5  0  0  0.0001  0.08  0  16
2  13  4  10  0  1  10  1  5  0  0  0.0001  0.08  0  16
2  13  5  10  0  1  10  1  5  0  0  0.0001  0.08  0  16
2  13  6  10  0  1  10  1  5  0  0  0.0001  0.08  0  16
2  13  7  10  0  1  10  1  5  0  0  0.0001  0.08  0  16
2  13  8  10  0  1  10  1  5  0  0  0.0001  0.08  0  16
2  13  9  10  0  1  10  1  5  0  0  0.0001  0.08  0  16
2  13  10  10  0  1  10  1  5  0  0  0.0001  0.08  0  16
2  13  11  10  0  1  10  1  5  0  0  0.0001  0.08  0  16
2  13  12  10  0  1  10  1  5  0  0  0.0001  0.08  0  16
2  13  13  10  0  1  10  1  5  0  0  0.0001  0.08  0  16
2  13  14  10  0  1  10  1  5  0  0  0.0001  0.08  0  16
2  13  15  10  0  1  10  1  5  0  0  0.0001  0.08  0  16
2  13  16  10  0  1  10  1  5  0  0  0.0001  0.08  0  16
2  13  17  10  0  1  10  1  5  0  0  0.0001  0.08  0  16
2  13  18  10  0  1  10  1  5  0  0  0.0001  0.08  0  16
2  13  19  10  0  1  10  1  5  0  0  0.0001  0.08  0  16
2  13  20  10  0  1  10  1  5  0  0  0.0001  0.08  0  16
2  14  1  10  0  1  10  1  5  0  0  0.0001  0.08  0  16
2  14  2  10  0  1  10  1  5  0  0  0.0001  0.08  0  16
2  14  3  10  0  1  10  1  5  0  0  0.0001  0.08  0  16
2  14  4  10  0  1  10  1  5  0  0  0.0001  0.08  0  16
2  14  5  10  0  1  10  1  5  0  0  0.0001  0.08  0  16
2  14  6  10  0  1  10  1  5  0  0  0.0001  0.08  0  16
2  14  7  10  0  1  10  1  5  0  0  0.0001  0.08  0  16
2  14  8  10  0  1  10  1  5  0  0  0.0001  0.08  0  16
2  14  9  10  0  1  10  1  5  0  0  0.0001  0.08  0  16
2  14  10  10  0  1  10  1  5  0  0  0.0001  0.08  0  16
2  14  11  10  0  1  10  1  5  0  0  0.0001  0.08  0  16
2  14  12  10  0  1  10  1  5  0  0  0.0001  0.08  0  16
2  14  13  10  0  1  10  1  5  0  0  0.0001  0.08  0  16
2  14  14  10  0  1  10  1  5  0  0  0.0001  0.08  0  16
2  14  15  10  0  1  10  1  5  0  0  0.0001  0.08  0  16
2  14  16  10  0  1  10  1  5  0  0  0.0001  0.08  0  16
2  14  17  10  0  1  10  1  5  0  0  0.0001  0.08  0  16
2  14  18  10  0  1  10  1  5  0  0  0.0001  0.08  0  16
2  14  19  10  0  1  10  1  5  0  0  0.0001  0.08  0  16
2  14  20  10  0  1  10  1  5  0  0  0.0001  0.08  0  16
2  15  1  10  0  1  10  1  5  0  0  0.0001  0.08  0  16
2  15  2  10  0  1  10  1  5  0  0  0.0001  0.08  0  16
2  15  3  10  0  1  10  1  5  0  0  0.0001  0.08  0  16
2  15  4  10  0  1  10  1  5  0  0  0.0001  0.08  0  16
2  15  5  10  0  1  10  1  5  0  0  0.0001  0.08  0  16
2  15  6  10  0  1  10  1  5  0  0  0.0001  0.08  0  16
2  15  7  10  0  1  10  1  5  0  0  0.0001  0.08  0  16
2  15  8  10  0  1  10  1  5  0  0  0.0001  0.08  0  16
2  15  9  10  0  1  10  1  5  0  0  0.0001  0.08  0  16
2  15  10  10  0  1  10  1  5  0  0  0.0001  0.08  0  16
2  15  11  10  0  1  10  1  5  0  0  0.0001  0.08  0  16
2  15  12  10  0  1  10  1  5  0  0  0.0001  0.08  0  16
2  15  13  10  0  1  10  1  5  0  0  0.0001  0.08  0  16
2  15  14  10  0  1  10  1  5  0  0  0.0001  0.08  0  16
2  15  15  10  0  1  10  1  5  0  0  0.0001  0.08  0  16
2  15  16  10  0  1  10  1  5  0  0  0.0001  0.08  0  16
2  15  17  10  0  1  10  1  5  0  0  0.0001  0.08  0  16
2  15  18  10  0  1  10  1  5  0  0  0.0001  0.08  0  16
2  15  19  10  0  1  10  1  5  0  0  0.0001  0.08  0  16
2  15  20  10  0  1  10  1  5  0  0  0.0001  0.08  0  16
2  16  1  10  0  1  10  1  5  0  0  0.0001  0.08  0  16
2  16  2  10  0  1  10  1  5  0  0  0.0001  0.08  0  16
2  16  3  10  0  1  10  1  5  0  0  0.0001  0.08  0  16
2  16  4  10  0  1  10  1  5  0  0  0.0001  0.08  0  16
2  16  5  10  0  1  10  1  5  0  0  0.0001  0.08  0  16
2  16  6  10  0  1  10  1  5  0  0  0.0001  0.08  0  16
2  16  7  10  0  1  10  1  5  0  0  0.0001  0.08  0  16
2  16  8  10  0  1  10  1  5  0  0  0.0001  0.08  0  16
2  16  9  10  0  1  10  1  5  0  0  0.0001  0.08  0  16
2  16  10  10  0  1  10  1  5  0  0  0.0001  0.08  0  16
2  16  11  10  0  1  10  1  5  0  0  0.0001  0.08  0  16
2  16  12  10  0  1  10  1  5  0  0  0.0001  0.08  0  16
2  16  13  10  0  1  10  1  5  0  0  0.0001  0.08  0  16
2  16  14  10  0  1  10  1  5  0  0  0.0001  0.08  0  16
2  16  15  10  0  1  10  1  5  0  0  0.0001  0.08  0  16
2  16  16  10  0  1  10  1  5  0  0  0.0001  0.08  0  16
2  16  17  10  0  1  10  1  5  0  0  0.0001  0.08  0  16
2  16  18  10  0  1  10  1  5  0  0  0.0001  0.08  0  16
2  16  19  10  0  1  10  1  5  0  0  0.0001  0.08  0  16
2  16  20  10  0  1  10  1  5  0  0  0.0001  0.08  0  16
2  17  1  10  0  1  10  1  5  0  0  0.0001  0.08  0  16
2  17  2  10  0  1  10  1  5  0  0  0.0001  0.08  0  16
2  17  3  10  0  1  10  1  5  0  0  0.0001  0.08  0  16
2  17  4  10  0  1  10  1  5  0  0  0.0001  0.08  0  16
2  17  5  10  0  1  10  1  5  0  0  0.0001  0.08  0  16
2  17  6  10  0  1  10  1  5  0  0  0.0001  0.08  0  16
2  17  7  10  0  1  10  1  5  0  0  0.0001  0.08  0  16
2  17  8  10  0  1  10  1  5  0  0  0.0001  0.08  0  16
2  17  9  10  0  1  10  1  5  0  0  0.0001  0.08  0  16
2  17  10  10  0  1  10  1  5  0  0  0.0001  0.08  0  16
2  17  11  10  0  1  10  1  5  0  0  0.0001  0.08  0  16
2  17  12  10  0  1  10  1  5  0  0  0.0001  0.08  0  16
2  17  13  10  0  1  10  1  5  0  0  0.0001  0.08  0  16
2  17  14  10  0  1  10  1  5  0  0  0.0001  0.08  0  16
2  17  15  10  0  1  10  1  5  0  0  0.0001  0.08  0  16
2  17  16  10  0  1  10  1  5  0  0  0.0001  0.08  0  16
2  17  17  10  0  1  10  1  5  0  0  0.0001  0.08  0  16
2  17  18  10  0  1  10  1  5  0  0  0.0001  0.08  0  16
2  17  19  10  0  1  10  1  5  0  0  0.0001  0.08  0  16
2  17  20  10  0  1  10  1  5  0  0  0.0001  0.08  0  16
2  18  1  10  0  1  10  1  5  0  0  0.0001  0.08  0  16
2  18  2  10  0  1  10  1  5  0  0  0.0001  0.08  0  16
2  18  3  10  0  1  10  1  5  0  0  0.0001  0.08  0  16
2  18  4  10  0  1  10  1  5  0  0  0.0001  0.08  0  16
2  18  5  10  0  1  10  1  5  0  0  0.0001  0.08  0  16
2  18  6  10  0  1  10  1  5  0  0  0.0001  0.08  0  16
2  18  7  10  0  1  10  1  5  0  0  0.0001  0.08  0  16
2  18  8  10  0  1  10  1  5  0  0  0.0001  0.08  0  16
2  18  9  10  0  1  10  1  5  0  0  0.0001  0.08  0  16
2  18  10  10  0  1  10  1  5  0  0  0.0001  0.08  0  16
2  18  11  10  0  1  10  1  5  0  0  0.0001  0.08  0  16
2  18  12  10  0  1  10  1  5  0  0  0.0001  0.08  0  16
2  18  13  10  0  1  10  1  5  0  0  0.0001  0.08  0  16
2  18  14  10  0  1  10  1  5  0  0  0.0001  0.08  0  16
2  18  15  10  0  1  10  1  5  0  0  0.0001  0.08  0  16
2  18  16  10  0  1  10  1  5  0  0  0.0001  0.08  0  16
2  18  17  10  0  1  10  1  5  0  0  0.0001  0.08  0  16
2  18  18  10  0  1  10  1  5  0  0  0.0001  0.08  0  16
2  18  19  10  0  1  10  1  5  0  0  0.0001  0.08  0  16
2  18  20  10  0  1  10  1  5  0  0  0.0001  0.08  0  16
2  19  1  10  0  1  10  1  5  0  0  0.0001  0.08  0  16
2  19  2  10  0  1  10  1  5  0  0  0.0001  0.08  0  16
2  19  3  10  0  1  10  1  5  0  0  0.0001  0.08  0  16
2  19  4  10  0  1  10  1  5  0  0  0.0001  0.08  0  16
2  19  5  10  0  1  10  1  5  0  0  0.0001  0.08  0  16
2  19  6  10  0  1  10  1  5  0  0  0.0001  0.08  0  16
2  19  7  10  0  1  10  1  5  0  0  0.0001  0.08  0  16
2  19  8  10  0  1  10  1  5  0  0  0.0001  0.08  0  16
2  19  9  10  0  1  10  1  5  0  0  0.0001  0.08  0  16
2  19  10  10  0  1  10  1  5  0  0  0.0001  0.08  0  16
2  19  11  10  0  1  10  1  5  0  0  0.0001  0.08  0  16
2  19  12  10  0  1  10  1  5  0  0  0.0001  0.08  0  16
2  19  13  10  0  1  10  1  5  0  0  0.0001  0.08  0  16
2  19  14  10  0  1  10  1  5  0  0  0.0001  0.08  0  16
2  19  15  10  0  1  10  1  5  0  0  0.0001  0.08  0  16
2  19  16  10  0  1  10  1  5  0  0  0.0001  0.08  0  16
2  19  17  10  0  1  10  1  5  0  0  0.0001  0.08  0  16
2  19  18  10  0  1  10  1  5  0  0  0.0001  0.08  0  16
2  19  19  10  0  1  10  1  5  0  0  0.0001  0.08  0  16
2  19  20  10  0  1  10  1  5  0  0  0.0001  0.08  0  16
2  20  1  10  0  1  10  1  5  0  0  0.0001  0.08  0  16
2  20  2  10  0  1  10  1  5  0  0  0.0001  0.08  0  16
2  20  3  10  0  1  10  1  5  0  0  0.0001  0.08  0  16
2  20  4  10  0  1  10  1  5  0  0  0.0001  0.08  0  16
2  20  5  10  0  1  10  1  5  0  0  0.0001  0.08  0  16
2  20  6  10  0  1  10  1  5  0  0  0.0001  0.08  0  16
2  20  7  10  0  1  10  1  5  0  0  0.0001  0.08  0  16
2  20  8  10  0  1  10  1  5  0  0  0.0001  0.08  0  16
2  20  9  10  0  1  10  1  5  0  0  0.0001  0.08  0  16
2  20  10  10  0  1  10  1  5  0  0  0.0001  0.08  0  16
2  20  11  10  0  1  10  1  5  0  0  0.0001  0.08  0  16
2  20  12  10  0  1  10  1  5  0  0  0.0001  0.08  0  16
2  20  13  10  0  1  10  1  5  0  0  0.0001  0.08  0  16
2  20  14  10  0  1  10  1  5  0  0  0.0001  0.08  0  16
2  20  15  10  0  1  10  1  5  0  0  0.0001  0.08  0  16
2  20  16  10  0  1  10  1  5  0  0  0.0001  0.08  0  16
2  20  17  10  0  1  10  1  5  0  0  0.0001  0.08  0  16
2  20  18  10  0  1  10  1  5  0  0  0.0001  0.08  0  16
2  20  19  10  0  1  10  1  5  0  0  0.0001  0.08  0  16
2  20  20  10  0  1  10  1  5  0  0  0.0001  0.08  0  16
