IPER  ILYR  IROW  ICOL  SHEAD  EHEAD  COND  RIVBTM
1  1  1  1  16  16  100  15
1  1  2  1  16  16  100  15
1  1  3  1  16  16  100  15
1  1  4  1  16  16  100  15
1  1  5  1  16  16  100  15
1  1  6  1  16  16  100  15
1  1  7  1  16  16  100  15
1  1  8  1  16  16  100  15
1  1  9  1  16  16  100  15
1  1  10  1  16  16  100  15
1  1  11  1  16  16  100  15
1  1  12  1  16  16  100  15
1  1  13  1  16  16  100  15
1  1  14  1  16  16  100  15
1  1  15  1  16  16  100  15
1  1  16  1  16  16  100  15
1  1  17  1  16  16  100  15
1  1  18  1  16  16  100  15
1  1  19  1  16  16  100  15
1  1  20  1  16  16  100  15
2  1  1  1  18  18  100  15
2  1  2  1  18  18  100  15
2  1  3  1  18  18  100  15
2  1  4  1  18  18  100  15
2  1  5  1  18  18  100  15
2  1  6  1  18  18  100  15
2  1  7  1  18  18  100  15
2  1  8  1  18  18  100  15
2  1  9  1  18  18  100  15
2  1  10  1  18  18  100  15
2  1  11  1  18  18  100  15
2  1  12  1  18  18  100  15
2  1  13  1  18  18  100  15
2  1  14  1  18  18  100  15
2  1  15  1  18  18  100  15
2  1  16  1  18  18  100  15
2  1  17  1  18  18  100  15
2  1  18  1  18  18  100  15
2  1  19  1  18  18  100  15
2  1  20  1  18  18  100  15
