IPER  ILYR  IROW  ICOL  SHEAD  EHEAD
1  1  1  20  16  17
1  1  2  20  16  17
1  1  3  20  16  17
1  1  4  20  16  17
1  1  5  20  16  17
1  1  6  20  16  17
1  1  7  20  16  17
1  1  8  20  16  17
1  1  9  20  16  17
1  1  10  20  16  17
1  1  11  20  16  17
1  1  12  20  16  17
1  1  13  20  16  17
1  1  14  20  16  17
1  1  15  20  16  17
1  1  16  20  16  17
1  1  17  20  16  17
1  1  18  20  16  17
1  1  19  20  16  17
1  1  20  20  16  17
2  1  1  20  17  18
2  1  2  20  17  18
2  1  3  20  17  18
2  1  4  20  17  18
2  1  5  20  17  18
2  1  6  20  17  18
2  1  7  20  17  18
2  1  8  20  17  18
2  1  9  20  17  18
2  1  10  20  17  18
2  1  11  20  17  18
2  1  12  20  17  18
2  1  13  20  17  18
2  1  14  20  17  18
2  1  15  20  17  18
2  1  16  20  17  18
2  1  17  20  17  18
2  1  18  20  17  18
2  1  19  20  17  18
2  1  20  20  17  18
