IPER  ILYR  IROW  ICOL  DELEV  COND
1  3  1  25  38  4
1  3  1  26  37  4
1  4  1  27  37  4
1  4  1  28  36  4
1  5  1  29  36  4
1  5  1  30  35  4
1  6  1  31  35  4
1  6  1  32  34  4
1  7  1  33  34  4
1  7  1  34  33  4
1  8  1  35  33  4
1  8  1  36  32  4
1  9  1  37  32  4
1  9  1  38  31  4
1  10  1  39  31  4
1  10  1  40  30  4
1  11  1  41  30  4
1  11  1  42  29  4
1  12  1  43  29  4
1  12  1  44  28  4
1  13  1  45  28  4
1  13  1  46  27  4
1  14  1  47  27  4
1  14  1  48  26  4
1  15  1  49  26  4
1  15  1  50  25  4
1  16  1  51  25  4
1  16  1  52  24  4
1  17  1  53  24  4
1  17  1  54  23  4
1  18  1  55  23  4
1  18  1  56  22  4
1  19  1  57  22  4
1  19  1  58  21  4
1  20  1  59  21  4
1  20  1  60  20  4
1  21  1  61  20  4
1  21  1  62  19  4
1  22  1  63  19  4
1  22  1  64  18  4
1  23  1  65  18  4
1  23  1  66  17  4
1  24  1  67  17  4
1  24  1  68  16  4
1  25  1  69  16  4
1  25  1  70  15  4
1  26  1  71  15  4
1  26  1  72  14  4
1  27  1  73  14  4
1  27  1  74  13  4
1  28  1  75  13  4
1  28  1  76  12  4
1  29  1  77  12  4
1  29  1  78  11  4
1  30  1  79  11  4
1  30  1  80  10  4
1  31  1  81  10  4
1  31  1  82  9  4
1  32  1  83  9  4
1  32  1  84  8  4
1  33  1  85  8  4
1  33  1  86  7  4
1  34  1  87  7  4
1  34  1  88  6  4
1  35  1  89  6  4
1  35  1  90  5  4
1  36  1  91  5  4
1  36  1  92  4  4
1  37  1  93  4  4
1  37  1  94  3  4
1  38  1  95  3  4
1  38  1  96  2  4
1  39  1  97  2  4
1  39  1  98  1  4
1  40  1  99  1  4
1  40  1  100  0  4
