IPER  ILYR  IROW  ICOL  SHEAD  EHEAD  COND
1  3  1  13  38  38  1000
1  4  1  13  38  38  1000
1  5  1  12  38  38  1000
1  6  1  12  38  38  1000
1  7  1  12  38  38  1000
1  8  1  11  38  38  1000
1  9  1  11  38  38  1000
1  10  1  11  38  38  1000
1  11  1  10  38  38  1000
1  12  1  10  38  38  1000
1  13  1  10  38  38  1000
1  14  1  9  38  38  1000
1  15  1  9  38  38  1000
1  16  1  9  38  38  1000
1  17  1  8  38  38  1000
1  18  1  8  38  38  1000
1  19  1  8  38  38  1000
1  20  1  7  38  38  1000
1  21  1  7  38  38  1000
1  22  1  7  38  38  1000
1  23  1  6  38  38  1000
1  24  1  6  38  38  1000
1  25  1  6  38  38  1000
1  26  1  5  38  38  1000
1  27  1  5  38  38  1000
1  28  1  5  38  38  1000
1  29  1  4  38  38  1000
1  30  1  4  38  38  1000
1  31  1  4  38  38  1000
1  32  1  3  38  38  1000
1  33  1  3  38  38  1000
1  34  1  3  38  38  1000
1  35  1  2  38  38  1000
1  36  1  2  38  38  1000
1  37  1  2  38  38  1000
1  38  1  1  38  38  1000
1  39  1  1  38  38  1000
1  40  1  1  38  38  1000
2  19  1  8  22  22  1000
2  20  1  7  22  22  1000
2  21  1  7  22  22  1000
2  22  1  7  22  22  1000
2  23  1  6  22  22  1000
2  24  1  6  22  22  1000
2  25  1  6  22  22  1000
2  26  1  5  22  22  1000
2  27  1  5  22  22  1000
2  28  1  5  22  22  1000
2  29  1  4  22  22  1000
2  30  1  4  22  22  1000
2  31  1  4  22  22  1000
2  32  1  3  22  22  1000
2  33  1  3  22  22  1000
2  34  1  3  22  22  1000
2  35  1  2  22  22  1000
2  36  1  2  22  22  1000
2  37  1  2  22  22  1000
2  38  1  1  22  22  1000
2  39  1  1  22  22  1000
2  40  1  1  22  22  1000
3  3  1  13  38  38  1000
3  4  1  13  38  38  1000
3  5  1  12  38  38  1000
3  6  1  12  38  38  1000
3  7  1  12  38  38  1000
3  8  1  11  38  38  1000
3  9  1  11  38  38  1000
3  10  1  11  38  38  1000
3  11  1  10  38  38  1000
3  12  1  10  38  38  1000
3  13  1  10  38  38  1000
3  14  1  9  38  38  1000
3  15  1  9  38  38  1000
3  16  1  9  38  38  1000
3  17  1  8  38  38  1000
3  18  1  8  38  38  1000
3  19  1  8  38  38  1000
3  20  1  7  38  38  1000
3  21  1  7  38  38  1000
3  22  1  7  38  38  1000
3  23  1  6  38  38  1000
3  24  1  6  38  38  1000
3  25  1  6  38  38  1000
3  26  1  5  38  38  1000
3  27  1  5  38  38  1000
3  28  1  5  38  38  1000
3  29  1  4  38  38  1000
3  30  1  4  38  38  1000
3  31  1  4  38  38  1000
3  32  1  3  38  38  1000
3  33  1  3  38  38  1000
3  34  1  3  38  38  1000
3  35  1  2  38  38  1000
3  36  1  2  38  38  1000
3  37  1  2  38  38  1000
3  38  1  1  38  38  1000
3  39  1  1  38  38  1000
3  40  1  1  38  38  1000
