ILYR  IROW1  ICOL1  IROW2  ICOL2  HCDW
1  1  16  1  17  1E-06
2  1  16  1  17  1E-06
3  1  16  1  17  1E-06
4  1  16  1  17  1E-06
5  1  16  1  17  1E-06
6  1  16  1  17  1E-06
7  1  16  1  17  1E-06
8  1  16  1  17  1E-06
9  1  16  1  17  1E-06
10  1  16  1  17  1E-06
11  1  16  1  17  1E-06
12  1  16  1  17  1E-06
13  1  16  1  17  1E-06
14  1  16  1  17  1E-06
15  1  16  1  17  1E-06
16  1  16  1  17  1E-06
17  1  16  1  17  1E-06
18  1  16  1  17  1E-06
19  1  16  1  17  1E-06
20  1  16  1  17  1E-06
21  1  16  1  17  1E-06
22  1  16  1  17  1E-06
23  1  16  1  17  1E-06
24  1  16  1  17  1E-06
25  1  16  1  17  1E-06
26  1  16  1  17  1E-06
27  1  16  1  17  1E-06
28  1  16  1  17  1E-06
29  1  16  1  17  1E-06
30  1  16  1  17  1E-06
31  1  16  1  17  1E-06
32  1  16  1  17  1E-06
33  1  16  1  17  1E-06
34  1  16  1  17  1E-06
35  1  16  1  17  1E-06
36  1  16  1  17  1E-06
