IPER  ILYR  IROW  ICOL  IEVT  ETSURF  ETRATE  ETMXD  ETEXP  NUMSEG
1  1  1  1  1  160.0  0.0141  15.0  1.0  10
1  1  1  2  1  159.0196075  0.0141  15.0  1.0  10
1  1  1  3  1  157.4509735  0.0141  15.0  1.0  10
1  1  1  4  1  155.8823547  0.0141  15.0  1.0  10
1  1  1  5  1  154.3137207  0.0141  15.0  1.0  10
1  1  1  6  1  152.7451019  0.0141  15.0  1.0  10
1  1  1  7  1  151.7647095  0.0141  15.0  1.0  10
1  1  1  8  1  151.3725433  0.0141  15.0  1.0  10
1  1  1  9  1  150.9803925  0.0141  15.0  1.0  10
1  1  1  10  1  150.5882416  0.0141  15.0  1.0  10
1  1  1  11  1  150.1960754  0.0141  15.0  1.0  10
1  1  1  12  1  149.8039246  0.0141  15.0  1.0  10
1  1  1  13  1  149.4117584  0.0141  15.0  1.0  10
1  1  1  14  1  149.0196075  0.0141  15.0  1.0  10
1  1  1  15  1  148.6274567  0.0141  15.0  1.0  10
1  1  1  16  1  148.2352905  0.0141  15.0  1.0  10
1  1  1  17  1  147.2548981  0.0141  15.0  1.0  10
1  1  1  18  1  145.6862793  0.0141  15.0  1.0  10
1  1  1  19  1  144.1176453  0.0141  15.0  1.0  10
1  1  1  20  1  142.5490265  0.0141  15.0  1.0  10
1  1  1  21  1  140.9803925  0.0141  15.0  1.0  10
1  1  1  22  1  140.0  0.0141  15.0  1.0  10
1  1  2  1  1  160.0  0.0141  15.0  1.0  10
1  1  2  2  1  159.0196075  0.0141  15.0  1.0  10
1  1  2  3  1  157.4509735  0.0141  15.0  1.0  10
1  1  2  4  1  155.8823547  0.0141  15.0  1.0  10
1  1  2  5  1  154.3137207  0.0141  15.0  1.0  10
1  1  2  6  1  152.7451019  0.0141  15.0  1.0  10
1  1  2  7  1  151.7647095  0.0141  15.0  1.0  10
1  1  2  8  1  151.3725433  0.0141  15.0  1.0  10
1  1  2  9  1  150.9803925  0.0141  15.0  1.0  10
1  1  2  10  1  150.5882416  0.0141  15.0  1.0  10
1  1  2  11  1  150.1960754  0.0141  15.0  1.0  10
1  1  2  12  1  149.8039246  0.0141  15.0  1.0  10
1  1  2  13  1  149.4117584  0.0141  15.0  1.0  10
1  1  2  14  1  149.0196075  0.0141  15.0  1.0  10
1  1  2  15  1  148.6274567  0.0141  15.0  1.0  10
1  1  2  16  1  148.2352905  0.0141  15.0  1.0  10
1  1  2  17  1  147.2548981  0.0141  15.0  1.0  10
1  1  2  18  1  145.6862793  0.0141  15.0  1.0  10
1  1  2  19  1  144.1176453  0.0141  15.0  1.0  10
1  1  2  20  1  142.5490265  0.0141  15.0  1.0  10
1  1  2  21  1  140.9803925  0.0141  15.0  1.0  10
1  1  2  22  1  140.0  0.0141  15.0  1.0  10
1  1  3  1  1  160.0  0.0141  15.0  1.0  10
1  1  3  2  1  159.0196075  0.0141  15.0  1.0  10
1  1  3  3  1  157.4509735  0.0141  15.0  1.0  10
1  1  3  4  1  155.8823547  0.0141  15.0  1.0  10
1  1  3  5  1  154.3137207  0.0141  15.0  1.0  10
1  1  3  6  1  152.7451019  0.0141  15.0  1.0  10
1  1  3  7  1  151.7647095  0.0141  15.0  1.0  10
1  1  3  8  1  151.3725433  0.0141  15.0  1.0  10
1  1  3  9  1  150.9803925  0.0141  15.0  1.0  10
1  1  3  10  1  150.5882416  0.0141  15.0  1.0  10
1  1  3  11  1  150.1960754  0.0141  15.0  1.0  10
1  1  3  12  1  149.8039246  0.0141  15.0  1.0  10
1  1  3  13  1  149.4117584  0.0141  15.0  1.0  10
1  1  3  14  1  149.0196075  0.0141  15.0  1.0  10
1  1  3  15  1  148.6274567  0.0141  15.0  1.0  10
1  1  3  16  1  148.2352905  0.0141  15.0  1.0  10
1  1  3  17  1  147.2548981  0.0141  15.0  1.0  10
1  1  3  18  1  145.6862793  0.0141  15.0  1.0  10
1  1  3  19  1  144.1176453  0.0141  15.0  1.0  10
1  1  3  20  1  142.5490265  0.0141  15.0  1.0  10
1  1  3  21  1  140.9803925  0.0141  15.0  1.0  10
1  1  3  22  1  140.0  0.0141  15.0  1.0  10
1  1  4  1  1  160.0  0.0141  15.0  1.0  10
1  1  4  2  1  159.0196075  0.0141  15.0  1.0  10
1  1  4  3  1  157.4509735  0.0141  15.0  1.0  10
1  1  4  4  1  155.8823547  0.0141  15.0  1.0  10
1  1  4  5  1  154.3137207  0.0141  15.0  1.0  10
1  1  4  6  1  152.7451019  0.0141  15.0  1.0  10
1  1  4  7  1  151.7647095  0.0141  15.0  1.0  10
1  1  4  8  1  151.3725433  0.0141  15.0  1.0  10
1  1  4  9  1  150.9803925  0.0141  15.0  1.0  10
1  1  4  10  1  150.5882416  0.0141  15.0  1.0  10
1  1  4  11  1  150.1960754  0.0141  15.0  1.0  10
1  1  4  12  1  149.8039246  0.0141  15.0  1.0  10
1  1  4  13  1  149.4117584  0.0141  15.0  1.0  10
1  1  4  14  1  149.0196075  0.0141  15.0  1.0  10
1  1  4  15  1  148.6274567  0.0141  15.0  1.0  10
1  1  4  16  1  148.2352905  0.0141  15.0  1.0  10
1  1  4  17  1  147.2548981  0.0141  15.0  1.0  10
1  1  4  18  1  145.6862793  0.0141  15.0  1.0  10
1  1  4  19  1  144.1176453  0.0141  15.0  1.0  10
1  1  4  20  1  142.5490265  0.0141  15.0  1.0  10
1  1  4  21  1  140.9803925  0.0141  15.0  1.0  10
1  1  4  22  1  140.0  0.0141  15.0  1.0  10
1  1  5  1  1  160.0  0.0141  15.0  1.0  10
1  1  5  2  1  159.0196075  0.0141  15.0  1.0  10
1  1  5  3  1  157.4509735  0.0141  15.0  1.0  10
1  1  5  4  1  155.8823547  0.0141  15.0  1.0  10
1  1  5  5  1  154.3137207  0.0141  15.0  1.0  10
1  1  5  6  1  152.7451019  0.0141  15.0  1.0  10
1  1  5  7  1  151.7647095  0.0141  15.0  1.0  10
1  1  5  8  1  151.3725433  0.0141  15.0  1.0  10
1  1  5  9  1  150.9803925  0.0141  15.0  1.0  10
1  1  5  10  1  150.5882416  0.0141  15.0  1.0  10
1  1  5  11  1  150.1960754  0.0141  15.0  1.0  10
1  1  5  12  1  149.8039246  0.0141  15.0  1.0  10
1  1  5  13  1  149.4117584  0.0141  15.0  1.0  10
1  1  5  14  1  149.0196075  0.0141  15.0  1.0  10
1  1  5  15  1  148.6274567  0.0141  15.0  1.0  10
1  1  5  16  1  148.2352905  0.0141  15.0  1.0  10
1  1  5  17  1  147.2548981  0.0141  15.0  1.0  10
1  1  5  18  1  145.6862793  0.0141  15.0  1.0  10
1  1  5  19  1  144.1176453  0.0141  15.0  1.0  10
1  1  5  20  1  142.5490265  0.0141  15.0  1.0  10
1  1  5  21  1  140.9803925  0.0141  15.0  1.0  10
1  1  5  22  1  140.0  0.0141  15.0  1.0  10
1  1  6  1  1  160.0  0.0141  15.0  1.0  10
1  1  6  2  1  159.0196075  0.0141  15.0  1.0  10
1  1  6  3  1  157.4509735  0.0141  15.0  1.0  10
1  1  6  4  1  155.8823547  0.0141  15.0  1.0  10
1  1  6  5  1  154.3137207  0.0141  15.0  1.0  10
1  1  6  6  1  152.7451019  0.0141  15.0  1.0  10
1  1  6  7  1  151.7647095  0.0141  15.0  1.0  10
1  1  6  8  1  151.3725433  0.0141  15.0  1.0  10
1  1  6  9  1  150.9803925  0.0141  15.0  1.0  10
1  1  6  10  1  150.5882416  0.0141  15.0  1.0  10
1  1  6  11  1  150.1960754  0.0141  15.0  1.0  10
1  1  6  12  1  149.8039246  0.0141  15.0  1.0  10
1  1  6  13  1  149.4117584  0.0141  15.0  1.0  10
1  1  6  14  1  149.0196075  0.0141  15.0  1.0  10
1  1  6  15  1  148.6274567  0.0141  15.0  1.0  10
1  1  6  16  1  148.2352905  0.0141  15.0  1.0  10
1  1  6  17  1  147.2548981  0.0141  15.0  1.0  10
1  1  6  18  1  145.6862793  0.0141  15.0  1.0  10
1  1  6  19  1  144.1176453  0.0141  15.0  1.0  10
1  1  6  20  1  142.5490265  0.0141  15.0  1.0  10
1  1  6  21  1  140.9803925  0.0141  15.0  1.0  10
1  1  6  22  1  140.0  0.0141  15.0  1.0  10
1  1  7  1  1  160.0  0.0141  15.0  1.0  10
1  1  7  2  1  159.0196075  0.0141  15.0  1.0  10
1  1  7  3  1  157.4509735  0.0141  15.0  1.0  10
1  1  7  4  1  155.8823547  0.0141  15.0  1.0  10
1  1  7  5  1  154.3137207  0.0141  15.0  1.0  10
1  1  7  6  1  152.7451019  0.0141  15.0  1.0  10
1  1  7  17  1  147.2548981  0.0141  15.0  1.0  10
1  1  7  18  1  145.6862793  0.0141  15.0  1.0  10
1  1  7  19  1  144.1176453  0.0141  15.0  1.0  10
1  1  7  20  1  142.5490265  0.0141  15.0  1.0  10
1  1  7  21  1  140.9803925  0.0141  15.0  1.0  10
1  1  7  22  1  140.0  0.0141  15.0  1.0  10
1  1  8  1  1  160.0  0.0141  15.0  1.0  10
1  1  8  2  1  159.0196075  0.0141  15.0  1.0  10
1  1  8  3  1  157.4509735  0.0141  15.0  1.0  10
1  1  8  4  1  155.8823547  0.0141  15.0  1.0  10
1  1  8  5  1  154.3137207  0.0141  15.0  1.0  10
1  1  8  6  1  152.7451019  0.0141  15.0  1.0  10
1  1  8  17  1  147.2548981  0.0141  15.0  1.0  10
1  1  8  18  1  145.6862793  0.0141  15.0  1.0  10
1  1  8  19  1  144.1176453  0.0141  15.0  1.0  10
1  1  8  20  1  142.5490265  0.0141  15.0  1.0  10
1  1  8  21  1  140.9803925  0.0141  15.0  1.0  10
1  1  8  22  1  140.0  0.0141  15.0  1.0  10
1  1  9  1  1  160.0  0.0141  15.0  1.0  10
1  1  9  2  1  159.0196075  0.0141  15.0  1.0  10
1  1  9  3  1  157.4509735  0.0141  15.0  1.0  10
1  1  9  4  1  155.8823547  0.0141  15.0  1.0  10
1  1  9  5  1  154.3137207  0.0141  15.0  1.0  10
1  1  9  6  1  152.7451019  0.0141  15.0  1.0  10
1  1  9  17  1  147.2548981  0.0141  15.0  1.0  10
1  1  9  18  1  145.6862793  0.0141  15.0  1.0  10
1  1  9  19  1  144.1176453  0.0141  15.0  1.0  10
1  1  9  20  1  142.5490265  0.0141  15.0  1.0  10
1  1  9  21  1  140.9803925  0.0141  15.0  1.0  10
1  1  9  22  1  140.0  0.0141  15.0  1.0  10
1  1  10  1  1  160.0  0.0141  15.0  1.0  10
1  1  10  2  1  159.0196075  0.0141  15.0  1.0  10
1  1  10  3  1  157.4509735  0.0141  15.0  1.0  10
1  1  10  4  1  155.8823547  0.0141  15.0  1.0  10
1  1  10  5  1  154.3137207  0.0141  15.0  1.0  10
1  1  10  6  1  152.7451019  0.0141  15.0  1.0  10
1  1  10  17  1  147.2548981  0.0141  15.0  1.0  10
1  1  10  18  1  145.6862793  0.0141  15.0  1.0  10
1  1  10  19  1  144.1176453  0.0141  15.0  1.0  10
1  1  10  20  1  142.5490265  0.0141  15.0  1.0  10
1  1  10  21  1  140.9803925  0.0141  15.0  1.0  10
1  1  10  22  1  140.0  0.0141  15.0  1.0  10
1  1  11  1  1  160.0  0.0141  15.0  1.0  10
1  1  11  2  1  159.0196075  0.0141  15.0  1.0  10
1  1  11  3  1  157.4509735  0.0141  15.0  1.0  10
1  1  11  4  1  155.8823547  0.0141  15.0  1.0  10
1  1  11  5  1  154.3137207  0.0141  15.0  1.0  10
1  1  11  6  1  152.7451019  0.0141  15.0  1.0  10
1  1  11  17  1  147.2548981  0.0141  15.0  1.0  10
1  1  11  18  1  145.6862793  0.0141  15.0  1.0  10
1  1  11  19  1  144.1176453  0.0141  15.0  1.0  10
1  1  11  20  1  142.5490265  0.0141  15.0  1.0  10
1  1  11  21  1  140.9803925  0.0141  15.0  1.0  10
1  1  11  22  1  140.0  0.0141  15.0  1.0  10
1  1  12  1  1  160.0  0.0141  15.0  1.0  10
1  1  12  2  1  159.0196075  0.0141  15.0  1.0  10
1  1  12  3  1  157.4509735  0.0141  15.0  1.0  10
1  1  12  4  1  155.8823547  0.0141  15.0  1.0  10
1  1  12  5  1  154.3137207  0.0141  15.0  1.0  10
1  1  12  6  1  152.7451019  0.0141  15.0  1.0  10
1  1  12  17  1  147.2548981  0.0141  15.0  1.0  10
1  1  12  18  1  145.6862793  0.0141  15.0  1.0  10
1  1  12  19  1  144.1176453  0.0141  15.0  1.0  10
1  1  12  20  1  142.5490265  0.0141  15.0  1.0  10
1  1  12  21  1  140.9803925  0.0141  15.0  1.0  10
1  1  12  22  1  140.0  0.0141  15.0  1.0  10
1  1  13  1  1  160.0  0.0141  15.0  1.0  10
1  1  13  2  1  159.0196075  0.0141  15.0  1.0  10
1  1  13  3  1  157.4509735  0.0141  15.0  1.0  10
1  1  13  4  1  155.8823547  0.0141  15.0  1.0  10
1  1  13  5  1  154.3137207  0.0141  15.0  1.0  10
1  1  13  6  1  152.7451019  0.0141  15.0  1.0  10
1  1  13  17  1  147.2548981  0.0141  15.0  1.0  10
1  1  13  18  1  145.6862793  0.0141  15.0  1.0  10
1  1  13  19  1  144.1176453  0.0141  15.0  1.0  10
1  1  13  20  1  142.5490265  0.0141  15.0  1.0  10
1  1  13  21  1  140.9803925  0.0141  15.0  1.0  10
1  1  13  22  1  140.0  0.0141  15.0  1.0  10
1  1  14  1  1  160.0  0.0141  15.0  1.0  10
1  1  14  2  1  159.0196075  0.0141  15.0  1.0  10
1  1  14  3  1  157.4509735  0.0141  15.0  1.0  10
1  1  14  4  1  155.8823547  0.0141  15.0  1.0  10
1  1  14  5  1  154.3137207  0.0141  15.0  1.0  10
1  1  14  6  1  152.7451019  0.0141  15.0  1.0  10
1  1  14  17  1  147.2548981  0.0141  15.0  1.0  10
1  1  14  18  1  145.6862793  0.0141  15.0  1.0  10
1  1  14  19  1  144.1176453  0.0141  15.0  1.0  10
1  1  14  20  1  142.5490265  0.0141  15.0  1.0  10
1  1  14  21  1  140.9803925  0.0141  15.0  1.0  10
1  1  14  22  1  140.0  0.0141  15.0  1.0  10
1  1  15  1  1  160.0  0.0141  15.0  1.0  10
1  1  15  2  1  159.0196075  0.0141  15.0  1.0  10
1  1  15  3  1  157.4509735  0.0141  15.0  1.0  10
1  1  15  4  1  155.8823547  0.0141  15.0  1.0  10
1  1  15  5  1  154.3137207  0.0141  15.0  1.0  10
1  1  15  6  1  152.7451019  0.0141  15.0  1.0  10
1  1  15  17  1  147.2548981  0.0141  15.0  1.0  10
1  1  15  18  1  145.6862793  0.0141  15.0  1.0  10
1  1  15  19  1  144.1176453  0.0141  15.0  1.0  10
1  1  15  20  1  142.5490265  0.0141  15.0  1.0  10
1  1  15  21  1  140.9803925  0.0141  15.0  1.0  10
1  1  15  22  1  140.0  0.0141  15.0  1.0  10
1  1  16  1  1  160.0  0.0141  15.0  1.0  10
1  1  16  2  1  159.0196075  0.0141  15.0  1.0  10
1  1  16  3  1  157.4509735  0.0141  15.0  1.0  10
1  1  16  4  1  155.8823547  0.0141  15.0  1.0  10
1  1  16  5  1  154.3137207  0.0141  15.0  1.0  10
1  1  16  6  1  152.7451019  0.0141  15.0  1.0  10
1  1  16  17  1  147.2548981  0.0141  15.0  1.0  10
1  1  16  18  1  145.6862793  0.0141  15.0  1.0  10
1  1  16  19  1  144.1176453  0.0141  15.0  1.0  10
1  1  16  20  1  142.5490265  0.0141  15.0  1.0  10
1  1  16  21  1  140.9803925  0.0141  15.0  1.0  10
1  1  16  22  1  140.0  0.0141  15.0  1.0  10
1  1  17  1  1  160.0  0.0141  15.0  1.0  10
1  1  17  2  1  159.0196075  0.0141  15.0  1.0  10
1  1  17  3  1  157.4509735  0.0141  15.0  1.0  10
1  1  17  4  1  155.8823547  0.0141  15.0  1.0  10
1  1  17  5  1  154.3137207  0.0141  15.0  1.0  10
1  1  17  6  1  152.7451019  0.0141  15.0  1.0  10
1  1  17  7  1  151.7647095  0.0141  15.0  1.0  10
1  1  17  8  1  151.3725433  0.0141  15.0  1.0  10
1  1  17  9  1  150.9803925  0.0141  15.0  1.0  10
1  1  17  10  1  150.5882416  0.0141  15.0  1.0  10
1  1  17  11  1  150.1960754  0.0141  15.0  1.0  10
1  1  17  12  1  149.8039246  0.0141  15.0  1.0  10
1  1  17  13  1  149.4117584  0.0141  15.0  1.0  10
1  1  17  14  1  149.0196075  0.0141  15.0  1.0  10
1  1  17  15  1  148.6274567  0.0141  15.0  1.0  10
1  1  17  16  1  148.2352905  0.0141  15.0  1.0  10
1  1  17  17  1  147.2548981  0.0141  15.0  1.0  10
1  1  17  18  1  145.6862793  0.0141  15.0  1.0  10
1  1  17  19  1  144.1176453  0.0141  15.0  1.0  10
1  1  17  20  1  142.5490265  0.0141  15.0  1.0  10
1  1  17  21  1  140.9803925  0.0141  15.0  1.0  10
1  1  17  22  1  140.0  0.0141  15.0  1.0  10
1  1  18  1  1  160.0  0.0141  15.0  1.0  10
1  1  18  2  1  159.0196075  0.0141  15.0  1.0  10
1  1  18  3  1  157.4509735  0.0141  15.0  1.0  10
1  1  18  4  1  155.8823547  0.0141  15.0  1.0  10
1  1  18  5  1  154.3137207  0.0141  15.0  1.0  10
1  1  18  6  1  152.7451019  0.0141  15.0  1.0  10
1  1  18  7  1  151.7647095  0.0141  15.0  1.0  10
1  1  18  8  1  151.3725433  0.0141  15.0  1.0  10
1  1  18  9  1  150.9803925  0.0141  15.0  1.0  10
1  1  18  10  1  150.5882416  0.0141  15.0  1.0  10
1  1  18  11  1  150.1960754  0.0141  15.0  1.0  10
1  1  18  12  1  149.8039246  0.0141  15.0  1.0  10
1  1  18  13  1  149.4117584  0.0141  15.0  1.0  10
1  1  18  14  1  149.0196075  0.0141  15.0  1.0  10
1  1  18  15  1  148.6274567  0.0141  15.0  1.0  10
1  1  18  16  1  148.2352905  0.0141  15.0  1.0  10
1  1  18  17  1  147.2548981  0.0141  15.0  1.0  10
1  1  18  18  1  145.6862793  0.0141  15.0  1.0  10
1  1  18  19  1  144.1176453  0.0141  15.0  1.0  10
1  1  18  20  1  142.5490265  0.0141  15.0  1.0  10
1  1  18  21  1  140.9803925  0.0141  15.0  1.0  10
1  1  18  22  1  140.0  0.0141  15.0  1.0  10
1  1  19  1  1  160.0  0.0141  15.0  1.0  10
1  1  19  2  1  159.0196075  0.0141  15.0  1.0  10
1  1  19  3  1  157.4509735  0.0141  15.0  1.0  10
1  1  19  4  1  155.8823547  0.0141  15.0  1.0  10
1  1  19  5  1  154.3137207  0.0141  15.0  1.0  10
1  1  19  6  1  152.7451019  0.0141  15.0  1.0  10
1  1  19  7  1  151.7647095  0.0141  15.0  1.0  10
1  1  19  8  1  151.3725433  0.0141  15.0  1.0  10
1  1  19  9  1  150.9803925  0.0141  15.0  1.0  10
1  1  19  10  1  150.5882416  0.0141  15.0  1.0  10
1  1  19  11  1  150.1960754  0.0141  15.0  1.0  10
1  1  19  12  1  149.8039246  0.0141  15.0  1.0  10
1  1  19  13  1  149.4117584  0.0141  15.0  1.0  10
1  1  19  14  1  149.0196075  0.0141  15.0  1.0  10
1  1  19  15  1  148.6274567  0.0141  15.0  1.0  10
1  1  19  16  1  148.2352905  0.0141  15.0  1.0  10
1  1  19  17  1  147.2548981  0.0141  15.0  1.0  10
1  1  19  18  1  145.6862793  0.0141  15.0  1.0  10
1  1  19  19  1  144.1176453  0.0141  15.0  1.0  10
1  1  19  20  1  142.5490265  0.0141  15.0  1.0  10
1  1  19  21  1  140.9803925  0.0141  15.0  1.0  10
1  1  19  22  1  140.0  0.0141  15.0  1.0  10
1  1  20  1  1  160.0  0.0141  15.0  1.0  10
1  1  20  2  1  159.0196075  0.0141  15.0  1.0  10
1  1  20  3  1  157.4509735  0.0141  15.0  1.0  10
1  1  20  4  1  155.8823547  0.0141  15.0  1.0  10
1  1  20  5  1  154.3137207  0.0141  15.0  1.0  10
1  1  20  6  1  152.7451019  0.0141  15.0  1.0  10
1  1  20  7  1  151.7647095  0.0141  15.0  1.0  10
1  1  20  8  1  151.3725433  0.0141  15.0  1.0  10
1  1  20  9  1  150.9803925  0.0141  15.0  1.0  10
1  1  20  10  1  150.5882416  0.0141  15.0  1.0  10
1  1  20  11  1  150.1960754  0.0141  15.0  1.0  10
1  1  20  12  1  149.8039246  0.0141  15.0  1.0  10
1  1  20  13  1  149.4117584  0.0141  15.0  1.0  10
1  1  20  14  1  149.0196075  0.0141  15.0  1.0  10
1  1  20  15  1  148.6274567  0.0141  15.0  1.0  10
1  1  20  16  1  148.2352905  0.0141  15.0  1.0  10
1  1  20  17  1  147.2548981  0.0141  15.0  1.0  10
1  1  20  18  1  145.6862793  0.0141  15.0  1.0  10
1  1  20  19  1  144.1176453  0.0141  15.0  1.0  10
1  1  20  20  1  142.5490265  0.0141  15.0  1.0  10
1  1  20  21  1  140.9803925  0.0141  15.0  1.0  10
1  1  20  22  1  140.0  0.0141  15.0  1.0  10
1  1  21  1  1  160.0  0.0141  15.0  1.0  10
1  1  21  2  1  159.0196075  0.0141  15.0  1.0  10
1  1  21  3  1  157.4509735  0.0141  15.0  1.0  10
1  1  21  4  1  155.8823547  0.0141  15.0  1.0  10
1  1  21  5  1  154.3137207  0.0141  15.0  1.0  10
1  1  21  6  1  152.7451019  0.0141  15.0  1.0  10
1  1  21  7  1  151.7647095  0.0141  15.0  1.0  10
1  1  21  8  1  151.3725433  0.0141  15.0  1.0  10
1  1  21  9  1  150.9803925  0.0141  15.0  1.0  10
1  1  21  10  1  150.5882416  0.0141  15.0  1.0  10
1  1  21  11  1  150.1960754  0.0141  15.0  1.0  10
1  1  21  12  1  149.8039246  0.0141  15.0  1.0  10
1  1  21  13  1  149.4117584  0.0141  15.0  1.0  10
1  1  21  14  1  149.0196075  0.0141  15.0  1.0  10
1  1  21  15  1  148.6274567  0.0141  15.0  1.0  10
1  1  21  16  1  148.2352905  0.0141  15.0  1.0  10
1  1  21  17  1  147.2548981  0.0141  15.0  1.0  10
1  1  21  18  1  145.6862793  0.0141  15.0  1.0  10
1  1  21  19  1  144.1176453  0.0141  15.0  1.0  10
1  1  21  20  1  142.5490265  0.0141  15.0  1.0  10
1  1  21  21  1  140.9803925  0.0141  15.0  1.0  10
1  1  21  22  1  140.0  0.0141  15.0  1.0  10
1  1  22  1  1  160.0  0.0141  15.0  1.0  10
1  1  22  2  1  159.0196075  0.0141  15.0  1.0  10
1  1  22  3  1  157.4509735  0.0141  15.0  1.0  10
1  1  22  4  1  155.8823547  0.0141  15.0  1.0  10
1  1  22  5  1  154.3137207  0.0141  15.0  1.0  10
1  1  22  6  1  152.7451019  0.0141  15.0  1.0  10
1  1  22  7  1  151.7647095  0.0141  15.0  1.0  10
1  1  22  8  1  151.3725433  0.0141  15.0  1.0  10
1  1  22  9  1  150.9803925  0.0141  15.0  1.0  10
1  1  22  10  1  150.5882416  0.0141  15.0  1.0  10
1  1  22  11  1  150.1960754  0.0141  15.0  1.0  10
1  1  22  12  1  149.8039246  0.0141  15.0  1.0  10
1  1  22  13  1  149.4117584  0.0141  15.0  1.0  10
1  1  22  14  1  149.0196075  0.0141  15.0  1.0  10
1  1  22  15  1  148.6274567  0.0141  15.0  1.0  10
1  1  22  16  1  148.2352905  0.0141  15.0  1.0  10
1  1  22  17  1  147.2548981  0.0141  15.0  1.0  10
1  1  22  18  1  145.6862793  0.0141  15.0  1.0  10
1  1  22  19  1  144.1176453  0.0141  15.0  1.0  10
1  1  22  20  1  142.5490265  0.0141  15.0  1.0  10
1  1  22  21  1  140.9803925  0.0141  15.0  1.0  10
1  1  22  22  1  140.0  0.0141  15.0  1.0  10
